# Time          3.5000E+00
# Units: Weight % Mineral
    Distance           Quartz           K-Feldspar_Li    Oligoclase_Li    Biotite_Li       Kaolinite_Li7    Kaolinite_Li6
    5.0000000E-02    3.7667412E+01    2.4568442E+01    2.0424884E+01    5.7684309E+00    1.0698810E+01    8.7202057E-01
    1.5000000E-01    3.7647729E+01    2.4571432E+01    2.0477659E+01    5.7870739E+00    1.0648253E+01    8.6785292E-01
    2.5000000E-01    3.7627800E+01    2.4574274E+01    2.0530432E+01    5.8057330E+00    1.0598043E+01    8.6371943E-01
    3.5000000E-01    3.7607817E+01    2.4577092E+01    2.0583300E+01    5.8244355E+00    1.0547770E+01    8.5958571E-01
    4.5000000E-01    3.7587785E+01    2.4579888E+01    2.0636259E+01    5.8431796E+00    1.0497437E+01    8.5545133E-01
    5.5000000E-01    3.7567708E+01    2.4582663E+01    2.0689305E+01    5.8619638E+00    1.0447045E+01    8.5131598E-01
    6.5000000E-01    3.7547589E+01    2.4585417E+01    2.0742432E+01    5.8807867E+00    1.0396596E+01    8.4717939E-01
    7.5000000E-01    3.7527431E+01    2.4588151E+01    2.0795639E+01    5.8996469E+00    1.0346091E+01    8.4304132E-01
    8.5000000E-01    3.7507236E+01    2.4590866E+01    2.0848920E+01    5.9185432E+00    1.0295532E+01    8.3890159E-01
    9.5000000E-01    3.7487006E+01    2.4593563E+01    2.0902274E+01    5.9374746E+00    1.0244921E+01    8.3476004E-01
    1.0500000E+00    3.7466744E+01    2.4596242E+01    2.0955698E+01    5.9564402E+00    1.0194260E+01    8.3061652E-01
    1.1500000E+00    3.7446450E+01    2.4598903E+01    2.1009188E+01    5.9754391E+00    1.0143549E+01    8.2647093E-01
    1.2500000E+00    3.7426127E+01    2.4601546E+01    2.1062744E+01    5.9944705E+00    1.0092789E+01    8.2232314E-01
    1.3500000E+00    3.7405776E+01    2.4604172E+01    2.1116362E+01    6.0135338E+00    1.0041983E+01    8.1817307E-01
    1.4500000E+00    3.7385398E+01    2.4606781E+01    2.1170042E+01    6.0326284E+00    9.9911298E+00    8.1402064E-01
    1.5500000E+00    3.7364993E+01    2.4609374E+01    2.1223782E+01    6.0517536E+00    9.9402316E+00    8.0986578E-01
    1.6500000E+00    3.7344564E+01    2.4611950E+01    2.1277580E+01    6.0709092E+00    9.8892890E+00    8.0570842E-01
    1.7500000E+00    3.7324110E+01    2.4614509E+01    2.1331435E+01    6.0900945E+00    9.8383024E+00    8.0154849E-01
    1.8500000E+00    3.7303633E+01    2.4617052E+01    2.1385347E+01    6.1093094E+00    9.7872726E+00    7.9738595E-01
    1.9500000E+00    3.7283134E+01    2.4619578E+01    2.1439314E+01    6.1285535E+00    9.7362001E+00    7.9322075E-01
    2.0500000E+00    3.7262611E+01    2.4622088E+01    2.1493336E+01    6.1478264E+00    9.6850854E+00    7.8905284E-01
    2.1500000E+00    3.7242068E+01    2.4624582E+01    2.1547411E+01    6.1671280E+00    9.6339288E+00    7.8488219E-01
    2.2500000E+00    3.7221503E+01    2.4627060E+01    2.1601540E+01    6.1864580E+00    9.5827308E+00    7.8070875E-01
    2.3500000E+00    3.7200917E+01    2.4629521E+01    2.1655721E+01    6.2058163E+00    9.5314916E+00    7.7653249E-01
    2.4500000E+00    3.7180311E+01    2.4631967E+01    2.1709955E+01    6.2252026E+00    9.4802117E+00    7.7235338E-01
    2.5500000E+00    3.7159684E+01    2.4634396E+01    2.1764240E+01    6.2446169E+00    9.4288911E+00    7.6817140E-01
    2.6500000E+00    3.7139038E+01    2.4636809E+01    2.1818577E+01    6.2640590E+00    9.3775302E+00    7.6398652E-01
    2.7500000E+00    3.7118372E+01    2.4639206E+01    2.1872965E+01    6.2835288E+00    9.3261291E+00    7.5979871E-01
    2.8500000E+00    3.7097687E+01    2.4641587E+01    2.1927404E+01    6.3030262E+00    9.2746882E+00    7.5560796E-01
    2.9500000E+00    3.7076983E+01    2.4643951E+01    2.1981894E+01    6.3225511E+00    9.2232074E+00    7.5141426E-01
    3.0500000E+00    3.7056259E+01    2.4646299E+01    2.2036433E+01    6.3421034E+00    9.1716870E+00    7.4721757E-01
    3.1500000E+00    3.7035518E+01    2.4648631E+01    2.2091023E+01    6.3616830E+00    9.1201272E+00    7.4301789E-01
    3.2500000E+00    3.7014757E+01    2.4650947E+01    2.2145663E+01    6.3812899E+00    9.0685281E+00    7.3881522E-01
    3.3500000E+00    3.6993979E+01    2.4653246E+01    2.2200352E+01    6.4009240E+00    9.0168898E+00    7.3460953E-01
    3.4500000E+00    3.6973182E+01    2.4655528E+01    2.2255091E+01    6.4205852E+00    8.9652126E+00    7.3040082E-01
    3.5500000E+00    3.6952367E+01    2.4657795E+01    2.2309880E+01    6.4402735E+00    8.9134964E+00    7.2618909E-01
    3.6500000E+00    3.6931534E+01    2.4660044E+01    2.2364717E+01    6.4599889E+00    8.8617415E+00    7.2197433E-01
    3.7500000E+00    3.6910683E+01    2.4662278E+01    2.2419604E+01    6.4797312E+00    8.8099480E+00    7.1775653E-01
    3.8500000E+00    3.6889815E+01    2.4664494E+01    2.2474539E+01    6.4995005E+00    8.7581160E+00    7.1353570E-01
    3.9500000E+00    3.6868929E+01    2.4666694E+01    2.2529523E+01    6.5192966E+00    8.7062457E+00    7.0931183E-01
    4.0500000E+00    3.6848026E+01    2.4668877E+01    2.2584556E+01    6.5391196E+00    8.6543372E+00    7.0508493E-01
    4.1500000E+00    3.6827105E+01    2.4671043E+01    2.2639637E+01    6.5589693E+00    8.6023907E+00    7.0085499E-01
    4.2500000E+00    3.6806167E+01    2.4673192E+01    2.2694767E+01    6.5788458E+00    8.5504062E+00    6.9662202E-01
    4.3500000E+00    3.6785212E+01    2.4675324E+01    2.2749944E+01    6.5987490E+00    8.4983840E+00    6.9238602E-01
    4.4500000E+00    3.6764241E+01    2.4677439E+01    2.2805170E+01    6.6186788E+00    8.4463241E+00    6.8814700E-01
    4.5500000E+00    3.6743252E+01    2.4679537E+01    2.2860444E+01    6.6386352E+00    8.3942268E+00    6.8390496E-01
    4.6500000E+00    3.6722246E+01    2.4681618E+01    2.2915765E+01    6.6586181E+00    8.3420922E+00    6.7965991E-01
    4.7500000E+00    3.6701224E+01    2.4683682E+01    2.2971134E+01    6.6786276E+00    8.2899204E+00    6.7541186E-01
    4.8500000E+00    3.6680185E+01    2.4685728E+01    2.3026551E+01    6.6986635E+00    8.2377116E+00    6.7116080E-01
    4.9500000E+00    3.6659130E+01    2.4687757E+01    2.3082015E+01    6.7187258E+00    8.1854659E+00    6.6690676E-01
    5.0500000E+00    3.6638058E+01    2.4689768E+01    2.3137526E+01    6.7388145E+00    8.1331836E+00    6.6264974E-01
    5.1500000E+00    3.6616970E+01    2.4691762E+01    2.3193085E+01    6.7589295E+00    8.0808647E+00    6.5838975E-01
    5.2500000E+00    3.6595866E+01    2.4693738E+01    2.3248690E+01    6.7790708E+00    8.0285095E+00    6.5412679E-01
    5.3500000E+00    3.6574745E+01    2.4695696E+01    2.3304342E+01    6.7992383E+00    7.9761181E+00    6.4986088E-01
    5.4500000E+00    3.6553609E+01    2.4697636E+01    2.3360041E+01    6.8194320E+00    7.9236907E+00    6.4559204E-01
    5.5500000E+00    3.6532456E+01    2.4699558E+01    2.3415786E+01    6.8396518E+00    7.8712274E+00    6.4132026E-01
    5.6500000E+00    3.6511288E+01    2.4701463E+01    2.3471578E+01    6.8598977E+00    7.8187284E+00    6.3704557E-01
    5.7500000E+00    3.6490104E+01    2.4703349E+01    2.3527416E+01    6.8801696E+00    7.7661939E+00    6.3276797E-01
    5.8500000E+00    3.6468904E+01    2.4705217E+01    2.3583300E+01    6.9004676E+00    7.7136241E+00    6.2848748E-01
    5.9500000E+00    3.6447688E+01    2.4707066E+01    2.3639231E+01    6.9207914E+00    7.6610192E+00    6.2420411E-01
    6.0500000E+00    3.6426457E+01    2.4708898E+01    2.3695207E+01    6.9411412E+00    7.6083793E+00    6.1991787E-01
    6.1500000E+00    3.6405211E+01    2.4710710E+01    2.3751228E+01    6.9615169E+00    7.5557046E+00    6.1562878E-01
    6.2500000E+00    3.6383949E+01    2.4712504E+01    2.3807296E+01    6.9819183E+00    7.5029952E+00    6.1133684E-01
    6.3500000E+00    3.6362672E+01    2.4714280E+01    2.3863409E+01    7.0023455E+00    7.4502515E+00    6.0704208E-01
    6.4500000E+00    3.6341380E+01    2.4716036E+01    2.3919567E+01    7.0227984E+00    7.3974735E+00    6.0274450E-01
    6.5500000E+00    3.6320073E+01    2.4717774E+01    2.3975771E+01    7.0432769E+00    7.3446615E+00    5.9844412E-01
    6.6500000E+00    3.6298751E+01    2.4719493E+01    2.4032019E+01    7.0637811E+00    7.2918156E+00    5.9414096E-01
    6.7500000E+00    3.6277414E+01    2.4721192E+01    2.4088312E+01    7.0843108E+00    7.2389361E+00    5.8983502E-01
    6.8500000E+00    3.6256062E+01    2.4722872E+01    2.4144651E+01    7.1048661E+00    7.1860231E+00    5.8552633E-01
    6.9500000E+00    3.6234695E+01    2.4724533E+01    2.4201033E+01    7.1254468E+00    7.1330768E+00    5.8121490E-01
    7.0500000E+00    3.6213313E+01    2.4726175E+01    2.4257461E+01    7.1460529E+00    7.0800974E+00    5.7690074E-01
    7.1500000E+00    3.6191918E+01    2.4727797E+01    2.4313932E+01    7.1666844E+00    7.0270851E+00    5.7258388E-01
    7.2500000E+00    3.6170507E+01    2.4729399E+01    2.4370448E+01    7.1873412E+00    6.9740402E+00    5.6826431E-01
    7.3500000E+00    3.6149082E+01    2.4730981E+01    2.4427008E+01    7.2080234E+00    6.9209627E+00    5.6394207E-01
    7.4500000E+00    3.6127643E+01    2.4732544E+01    2.4483612E+01    7.2287307E+00    6.8678530E+00    5.5961716E-01
    7.5500000E+00    3.6106190E+01    2.4734086E+01    2.4540260E+01    7.2494632E+00    6.8147112E+00    5.5528961E-01
    7.6500000E+00    3.6084723E+01    2.4735608E+01    2.4596951E+01    7.2702209E+00    6.7615375E+00    5.5095942E-01
    7.7500000E+00    3.6063241E+01    2.4737110E+01    2.4653686E+01    7.2910036E+00    6.7083321E+00    5.4662662E-01
    7.8500000E+00    3.6041746E+01    2.4738592E+01    2.4710465E+01    7.3118114E+00    6.6550952E+00    5.4229121E-01
    7.9500000E+00    3.6020236E+01    2.4740053E+01    2.4767286E+01    7.3326441E+00    6.6018271E+00    5.3795323E-01
    8.0500000E+00    3.5998713E+01    2.4741493E+01    2.4824151E+01    7.3535018E+00    6.5485279E+00    5.3361268E-01
    8.1500000E+00    3.5977177E+01    2.4742913E+01    2.4881059E+01    7.3743844E+00    6.4951979E+00    5.2926958E-01
    8.2500000E+00    3.5955626E+01    2.4744311E+01    2.4938010E+01    7.3952919E+00    6.4418373E+00    5.2492394E-01
    8.3500000E+00    3.5934062E+01    2.4745688E+01    2.4995003E+01    7.4162241E+00    6.3884462E+00    5.2057580E-01
    8.4500000E+00    3.5912485E+01    2.4747044E+01    2.5052039E+01    7.4371811E+00    6.3350250E+00    5.1622515E-01
    8.5500000E+00    3.5890895E+01    2.4748379E+01    2.5109118E+01    7.4581628E+00    6.2815738E+00    5.1187203E-01
    8.6500000E+00    3.5869291E+01    2.4749692E+01    2.5166238E+01    7.4791691E+00    6.2280928E+00    5.0751644E-01
    8.7500000E+00    3.5847674E+01    2.4750984E+01    2.5223401E+01    7.5002001E+00    6.1745823E+00    5.0315841E-01
    8.8500000E+00    3.5826044E+01    2.4752253E+01    2.5280607E+01    7.5212556E+00    6.1210424E+00    4.9879795E-01
    8.9500000E+00    3.5804401E+01    2.4753501E+01    2.5337854E+01    7.5423356E+00    6.0674735E+00    4.9443508E-01
    9.0500000E+00    3.5782746E+01    2.4754726E+01    2.5395143E+01    7.5634401E+00    6.0138757E+00    4.9006982E-01
    9.1500000E+00    3.5761077E+01    2.4755929E+01    2.5452473E+01    7.5845690E+00    5.9602492E+00    4.8570219E-01
    9.2500000E+00    3.5739396E+01    2.4757110E+01    2.5509845E+01    7.6057223E+00    5.9065944E+00    4.8133221E-01
    9.3500000E+00    3.5717702E+01    2.4758268E+01    2.5567259E+01    7.6268999E+00    5.8529113E+00    4.7695989E-01
    9.4500000E+00    3.5695996E+01    2.4759403E+01    2.5624714E+01    7.6481018E+00    5.7992003E+00    4.7258525E-01
    9.5500000E+00    3.5674278E+01    2.4760515E+01    2.5682210E+01    7.6693279E+00    5.7454616E+00    4.6820832E-01
    9.6500000E+00    3.5652547E+01    2.4761604E+01    2.5739747E+01    7.6905782E+00    5.6916955E+00    4.6382910E-01
    9.7500000E+00    3.5630804E+01    2.4762669E+01    2.5797325E+01    7.7118526E+00    5.6379021E+00    4.5944763E-01
    9.8500000E+00    3.5609049E+01    2.4763711E+01    2.5854944E+01    7.7331511E+00    5.5840816E+00    4.5506392E-01
    9.9500000E+00    3.5587282E+01    2.4764729E+01    2.5912603E+01    7.7544737E+00    5.5302345E+00    4.5067799E-01
    1.0050000E+01    3.5565503E+01    2.4765723E+01    2.5970303E+01    7.7758203E+00    5.4763608E+00    4.4628986E-01
    1.0150000E+01    3.5543713E+01    2.4766693E+01    2.6028043E+01    7.7971908E+00    5.4224608E+00    4.4189955E-01
    1.0250000E+01    3.5521910E+01    2.4767638E+01    2.6085824E+01    7.8185852E+00    5.3685349E+00    4.3750708E-01
    1.0350000E+01    3.5500097E+01    2.4768559E+01    2.6143645E+01    7.8400035E+00    5.3145831E+00    4.3311246E-01
    1.0450000E+01    3.5478271E+01    2.4769456E+01    2.6201506E+01    7.8614456E+00    5.2606059E+00    4.2871573E-01
    1.0550000E+01    3.5456435E+01    2.4770327E+01    2.6259407E+01    7.8829115E+00    5.2066034E+00    4.2431690E-01
    1.0650000E+01    3.5434587E+01    2.4771173E+01    2.6317348E+01    7.9044012E+00    5.1525759E+00    4.1991599E-01
    1.0750000E+01    3.5412728E+01    2.4771993E+01    2.6375328E+01    7.9259145E+00    5.0985236E+00    4.1551302E-01
    1.0850000E+01    3.5390858E+01    2.4772788E+01    2.6433348E+01    7.9474514E+00    5.0444468E+00    4.1110802E-01
    1.0950000E+01    3.5368977E+01    2.4773557E+01    2.6491407E+01    7.9690120E+00    4.9903459E+00    4.0670100E-01
    1.1050000E+01    3.5347085E+01    2.4774300E+01    2.6549506E+01    7.9905961E+00    4.9362209E+00    4.0229199E-01
    1.1150000E+01    3.5325183E+01    2.4775016E+01    2.6607644E+01    8.0122037E+00    4.8820723E+00    3.9788101E-01
    1.1250000E+01    3.5303269E+01    2.4775706E+01    2.6665822E+01    8.0338348E+00    4.8279002E+00    3.9346807E-01
    1.1350000E+01    3.5281346E+01    2.4776369E+01    2.6724038E+01    8.0554893E+00    4.7737050E+00    3.8905321E-01
    1.1450000E+01    3.5259412E+01    2.4777005E+01    2.6782293E+01    8.0771671E+00    4.7194870E+00    3.8463644E-01
    1.1550000E+01    3.5237468E+01    2.4777613E+01    2.6840587E+01    8.0988684E+00    4.6652463E+00    3.8021779E-01
    1.1650000E+01    3.5215514E+01    2.4778194E+01    2.6898919E+01    8.1205929E+00    4.6109833E+00    3.7579728E-01
    1.1750000E+01    3.5193549E+01    2.4778746E+01    2.6957291E+01    8.1423407E+00    4.5566983E+00    3.7137493E-01
    1.1850000E+01    3.5171575E+01    2.4779271E+01    2.7015700E+01    8.1641117E+00    4.5023915E+00    3.6695077E-01
    1.1950000E+01    3.5149591E+01    2.4779767E+01    2.7074148E+01    8.1859059E+00    4.4480632E+00    3.6252482E-01
    1.2050000E+01    3.5127597E+01    2.4780234E+01    2.7132635E+01    8.2077232E+00    4.3937138E+00    3.5809709E-01
    1.2150000E+01    3.5105594E+01    2.4780672E+01    2.7191159E+01    8.2295636E+00    4.3393435E+00    3.5366763E-01
    1.2250000E+01    3.5083582E+01    2.4781081E+01    2.7249722E+01    8.2514270E+00    4.2849526E+00    3.4923644E-01
    1.2350000E+01    3.5061560E+01    2.4781460E+01    2.7308322E+01    8.2733135E+00    4.2305414E+00    3.4480356E-01
    1.2450000E+01    3.5039528E+01    2.4781809E+01    2.7366961E+01    8.2952229E+00    4.1761102E+00    3.4036900E-01
    1.2550000E+01    3.5017488E+01    2.4782128E+01    2.7425637E+01    8.3171553E+00    4.1216594E+00    3.3593280E-01
    1.2650000E+01    3.4995439E+01    2.4782416E+01    2.7484350E+01    8.3391106E+00    4.0671891E+00    3.3149498E-01
    1.2750000E+01    3.4973381E+01    2.4782673E+01    2.7543102E+01    8.3610887E+00    4.0126998E+00    3.2705555E-01
    1.2850000E+01    3.4951315E+01    2.4782899E+01    2.7601891E+01    8.3830897E+00    3.9581917E+00    3.2261456E-01
    1.2950000E+01    3.4929240E+01    2.4783093E+01    2.7660717E+01    8.4051135E+00    3.9036652E+00    3.1817202E-01
    1.3050000E+01    3.4907156E+01    2.4783255E+01    2.7719581E+01    8.4271600E+00    3.8491205E+00    3.1372796E-01
    1.3150000E+01    3.4885064E+01    2.4783385E+01    2.7778481E+01    8.4492292E+00    3.7945581E+00    3.0928240E-01
    1.3250000E+01    3.4862964E+01    2.4783482E+01    2.7837419E+01    8.4713211E+00    3.7399781E+00    3.0483538E-01
    1.3350000E+01    3.4840856E+01    2.4783546E+01    2.7896394E+01    8.4934356E+00    3.6853810E+00    3.0038691E-01
    1.3450000E+01    3.4818741E+01    2.4783576E+01    2.7955406E+01    8.5155728E+00    3.6307671E+00    2.9593703E-01
    1.3550000E+01    3.4796617E+01    2.4783573E+01    2.8014455E+01    8.5377325E+00    3.5761366E+00    2.9148576E-01
    1.3650000E+01    3.4774486E+01    2.4783535E+01    2.8073541E+01    8.5599148E+00    3.5214900E+00    2.8703313E-01
    1.3750000E+01    3.4752347E+01    2.4783463E+01    2.8132663E+01    8.5821195E+00    3.4668276E+00    2.8257916E-01
    1.3850000E+01    3.4730201E+01    2.4783356E+01    2.8191822E+01    8.6043468E+00    3.4121498E+00    2.7812389E-01
    1.3950000E+01    3.4708048E+01    2.4783213E+01    2.8251018E+01    8.6265965E+00    3.3574568E+00    2.7366734E-01
    1.4050000E+01    3.4685888E+01    2.4783035E+01    2.8310250E+01    8.6488686E+00    3.3027490E+00    2.6920954E-01
    1.4150000E+01    3.4663721E+01    2.4782820E+01    2.8369519E+01    8.6711631E+00    3.2480268E+00    2.6475052E-01
    1.4250000E+01    3.4641547E+01    2.4782568E+01    2.8428824E+01    8.6934799E+00    3.1932905E+00    2.6029031E-01
    1.4350000E+01    3.4619367E+01    2.4782280E+01    2.8488165E+01    8.7158191E+00    3.1385405E+00    2.5582894E-01
    1.4450000E+01    3.4597180E+01    2.4781953E+01    2.8547543E+01    8.7381805E+00    3.0837772E+00    2.5136643E-01
    1.4550000E+01    3.4574987E+01    2.4781589E+01    2.8606956E+01    8.7605643E+00    3.0290008E+00    2.4690282E-01
    1.4650000E+01    3.4552787E+01    2.4781186E+01    2.8666406E+01    8.7829702E+00    2.9742119E+00    2.4243813E-01
    1.4750000E+01    3.4530582E+01    2.4780744E+01    2.8725892E+01    8.8053984E+00    2.9194108E+00    2.3797241E-01
    1.4850000E+01    3.4508371E+01    2.4780263E+01    2.8785414E+01    8.8278488E+00    2.8645978E+00    2.3350567E-01
    1.4950000E+01    3.4486154E+01    2.4779741E+01    2.8844972E+01    8.8503213E+00    2.8097733E+00    2.2903795E-01
    1.5050000E+01    3.4463932E+01    2.4779179E+01    2.8904566E+01    8.8728159E+00    2.7549378E+00    2.2456927E-01
    1.5150000E+01    3.4441704E+01    2.4778576E+01    2.8964196E+01    8.8953327E+00    2.7000916E+00    2.2009969E-01
    1.5250000E+01    3.4419472E+01    2.4777931E+01    2.9023861E+01    8.9178715E+00    2.6452351E+00    2.1562921E-01
    1.5350000E+01    3.4397234E+01    2.4777245E+01    2.9083562E+01    8.9404324E+00    2.5903687E+00    2.1115788E-01
    1.5450000E+01    3.4374991E+01    2.4776515E+01    2.9143299E+01    8.9630154E+00    2.5354928E+00    2.0668573E-01
    1.5550000E+01    3.4352744E+01    2.4775743E+01    2.9203072E+01    8.9856204E+00    2.4806079E+00    2.0221280E-01
    1.5650000E+01    3.4330492E+01    2.4774927E+01    2.9262880E+01    9.0082473E+00    2.4257143E+00    1.9773911E-01
    1.5750000E+01    3.4308236E+01    2.4774066E+01    2.9322725E+01    9.0308963E+00    2.3708124E+00    1.9326470E-01
    1.5850000E+01    3.4285975E+01    2.4773161E+01    2.9382604E+01    9.0535672E+00    2.3159028E+00    1.8878960E-01
    1.5950000E+01    3.4263711E+01    2.4772210E+01    2.9442519E+01    9.0762601E+00    2.2609858E+00    1.8431386E-01
    1.6050000E+01    3.4241443E+01    2.4771213E+01    2.9502470E+01    9.0989749E+00    2.2060618E+00    1.7983750E-01
    1.6150000E+01    3.4219171E+01    2.4770169E+01    2.9562457E+01    9.1217117E+00    2.1511314E+00    1.7536056E-01
    1.6250000E+01    3.4196896E+01    2.4769077E+01    2.9622478E+01    9.1444703E+00    2.0961948E+00    1.7088308E-01
    1.6350000E+01    3.4174618E+01    2.4767938E+01    2.9682536E+01    9.1672508E+00    2.0412527E+00    1.6640509E-01
    1.6450000E+01    3.4152336E+01    2.4766750E+01    2.9742629E+01    9.1900532E+00    1.9863055E+00    1.6192663E-01
    1.6550000E+01    3.4130052E+01    2.4765512E+01    2.9802757E+01    9.2128775E+00    1.9313536E+00    1.5744774E-01
    1.6650000E+01    3.4107765E+01    2.4764225E+01    2.9862921E+01    9.2357236E+00    1.8763975E+00    1.5296846E-01
    1.6750000E+01    3.4085475E+01    2.4762886E+01    2.9923121E+01    9.2585916E+00    1.8214377E+00    1.4848882E-01
    1.6850000E+01    3.4063183E+01    2.4761496E+01    2.9983356E+01    9.2814815E+00    1.7664747E+00    1.4400888E-01
    1.6950000E+01    3.4040890E+01    2.4760054E+01    3.0043626E+01    9.3043931E+00    1.7115089E+00    1.3952865E-01
    1.7050000E+01    3.4018594E+01    2.4758558E+01    3.0103932E+01    9.3273266E+00    1.6565410E+00    1.3504820E-01
    1.7150000E+01    3.3996296E+01    2.4757009E+01    3.0164274E+01    9.3502820E+00    1.6015713E+00    1.3056755E-01
    1.7250000E+01    3.3973998E+01    2.4755405E+01    3.0224651E+01    9.3732592E+00    1.5466005E+00    1.2608676E-01
    1.7350000E+01    3.3951698E+01    2.4753745E+01    3.0285064E+01    9.3962582E+00    1.4916291E+00    1.2160586E-01
    1.7450000E+01    3.3929397E+01    2.4752029E+01    3.0345513E+01    9.4192790E+00    1.4366575E+00    1.1712490E-01
    1.7550000E+01    3.3907095E+01    2.4750256E+01    3.0405997E+01    9.4423217E+00    1.3816865E+00    1.1264392E-01
    1.7650000E+01    3.3884793E+01    2.4748424E+01    3.0466517E+01    9.4653863E+00    1.3267165E+00    1.0816298E-01
    1.7750000E+01    3.3862490E+01    2.4746534E+01    3.0527073E+01    9.4884727E+00    1.2717481E+00    1.0368211E-01
    1.7850000E+01    3.3840188E+01    2.4744583E+01    3.0587665E+01    9.5115810E+00    1.2167819E+00    9.9201369E-02
    1.7950000E+01    3.3817886E+01    2.4742571E+01    3.0648292E+01    9.5347112E+00    1.1618187E+00    9.4720807E-02
    1.8050000E+01    3.3795584E+01    2.4740497E+01    3.0708956E+01    9.5578633E+00    1.1068589E+00    9.0240474E-02
    1.8150000E+01    3.3773283E+01    2.4738360E+01    3.0769656E+01    9.5810373E+00    1.0519032E+00    8.5760424E-02
    1.8250000E+01    3.3750983E+01    2.4736158E+01    3.0830393E+01    9.6042333E+00    9.9695246E-01    8.1280712E-02
    1.8350000E+01    3.3728685E+01    2.4733890E+01    3.0891165E+01    9.6274512E+00    9.4200724E-01    7.6801395E-02
    1.8450000E+01    3.3706388E+01    2.4731556E+01    3.0951974E+01    9.6506912E+00    8.8706833E-01    7.2322535E-02
    1.8550000E+01    3.3684093E+01    2.4729153E+01    3.1012820E+01    9.6739532E+00    8.3213651E-01    6.7844195E-02
    1.8650000E+01    3.3661800E+01    2.4726680E+01    3.1073703E+01    9.6972373E+00    7.7721262E-01    6.3366442E-02
    1.8750000E+01    3.3639511E+01    2.4724136E+01    3.1134623E+01    9.7205436E+00    7.2229755E-01    5.8889349E-02
    1.8850000E+01    3.3617224E+01    2.4721519E+01    3.1195580E+01    9.7438721E+00    6.6739226E-01    5.4412992E-02
    1.8950000E+01    3.3594941E+01    2.4718826E+01    3.1256575E+01    9.7672230E+00    6.1249779E-01    4.9937458E-02
    1.9050000E+01    3.3572662E+01    2.4716057E+01    3.1317607E+01    9.7905961E+00    5.5761531E-01    4.5462839E-02
    1.9150000E+01    3.3550387E+01    2.4713208E+01    3.1378678E+01    9.8139918E+00    5.0274612E-01    4.0989242E-02
    1.9250000E+01    3.3528118E+01    2.4710276E+01    3.1439787E+01    9.8374102E+00    4.4789173E-01    3.6516790E-02
    1.9350000E+01    3.3505854E+01    2.4707259E+01    3.1500936E+01    9.8608513E+00    3.9305396E-01    3.2045629E-02
    1.9450000E+01    3.3483597E+01    2.4704151E+01    3.1562125E+01    9.8843155E+00    3.3823503E-01    2.7575939E-02
    1.9550000E+01    3.3461349E+01    2.4700948E+01    3.1623355E+01    9.9078030E+00    2.8343782E-01    2.3107955E-02
    1.9650000E+01    3.3439110E+01    2.4697641E+01    3.1684627E+01    9.9313143E+00    2.2866629E-01    1.8641998E-02
    1.9750000E+01    3.3416883E+01    2.4694218E+01    3.1745944E+01    9.9548501E+00    1.7392639E-01    1.4178552E-02
    1.9850000E+01    3.3394672E+01    2.4690660E+01    3.1807309E+01    9.9784116E+00    1.1922807E-01    9.7184260E-03
    1.9950000E+01    3.3372486E+01    2.4686926E+01    3.1868731E+01    1.0002001E+01    6.4591335E-02    5.2632478E-03
