# Time          2.0000E+00
# Units: Weight % Mineral
    Distance           Quartz           K-Feldspar_Li    Oligoclase_Li    Biotite_Li       Kaolinite_Li7    Kaolinite_Li6
    5.0000000E-02    3.7668337E+01    2.4568238E+01    2.0425390E+01    5.7685740E+00    1.0695997E+01    8.7346505E-01
    1.5000000E-01    3.7648661E+01    2.4571236E+01    2.0478169E+01    5.7872184E+00    1.0645425E+01    8.6929022E-01
    2.5000000E-01    3.7628726E+01    2.4574077E+01    2.0530940E+01    5.8058771E+00    1.0595228E+01    8.6515154E-01
    3.5000000E-01    3.7608738E+01    2.4576894E+01    2.0583807E+01    5.8245792E+00    1.0544969E+01    8.6101235E-01
    4.5000000E-01    3.7588701E+01    2.4579690E+01    2.0636765E+01    5.8433229E+00    1.0494649E+01    8.5687225E-01
    5.5000000E-01    3.7568619E+01    2.4582464E+01    2.0689809E+01    5.8621067E+00    1.0444270E+01    8.5273092E-01
    6.5000000E-01    3.7548495E+01    2.4585218E+01    2.0742935E+01    5.8809292E+00    1.0393835E+01    8.4858811E-01
    7.5000000E-01    3.7528332E+01    2.4587952E+01    2.0796140E+01    5.8997891E+00    1.0343344E+01    8.4444363E-01
    8.5000000E-01    3.7508132E+01    2.4590667E+01    2.0849420E+01    5.9186851E+00    1.0292799E+01    8.4029729E-01
    9.5000000E-01    3.7487898E+01    2.4593363E+01    2.0902772E+01    5.9376162E+00    1.0242202E+01    8.3614895E-01
    1.0500000E+00    3.7467630E+01    2.4596041E+01    2.0956194E+01    5.9565815E+00    1.0191554E+01    8.3199849E-01
    1.1500000E+00    3.7447332E+01    2.4598702E+01    2.1009684E+01    5.9755801E+00    1.0140857E+01    8.2784582E-01
    1.2500000E+00    3.7427004E+01    2.4601344E+01    2.1063238E+01    5.9946112E+00    1.0090112E+01    8.2369083E-01
    1.3500000E+00    3.7406648E+01    2.4603970E+01    2.1116855E+01    6.0136742E+00    1.0039319E+01    8.1953346E-01
    1.4500000E+00    3.7386265E+01    2.4606579E+01    2.1170533E+01    6.0327684E+00    9.9884809E+00    8.1537363E-01
    1.5500000E+00    3.7365856E+01    2.4609171E+01    2.1224272E+01    6.0518934E+00    9.9375970E+00    8.1121129E-01
    1.6500000E+00    3.7345421E+01    2.4611746E+01    2.1278069E+01    6.0710487E+00    9.8866687E+00    8.0704638E-01
    1.7500000E+00    3.7324963E+01    2.4614305E+01    2.1331923E+01    6.0902338E+00    9.8356966E+00    8.0287885E-01
    1.8500000E+00    3.7304481E+01    2.4616847E+01    2.1385833E+01    6.1094484E+00    9.7846812E+00    7.9870867E-01
    1.9500000E+00    3.7283977E+01    2.4619373E+01    2.1439799E+01    6.1286922E+00    9.7336231E+00    7.9453578E-01
    2.0500000E+00    3.7263450E+01    2.4621883E+01    2.1493819E+01    6.1479648E+00    9.6825228E+00    7.9036015E-01
    2.1500000E+00    3.7242902E+01    2.4624376E+01    2.1547894E+01    6.1672661E+00    9.6313808E+00    7.8618175E-01
    2.2500000E+00    3.7222332E+01    2.4626853E+01    2.1602021E+01    6.1865959E+00    9.5801973E+00    7.8200055E-01
    2.3500000E+00    3.7201741E+01    2.4629314E+01    2.1656201E+01    6.2059539E+00    9.5289726E+00    7.7781652E-01
    2.4500000E+00    3.7181131E+01    2.4631759E+01    2.1710434E+01    6.2253400E+00    9.4777072E+00    7.7362964E-01
    2.5500000E+00    3.7160499E+01    2.4634188E+01    2.1764718E+01    6.2447540E+00    9.4264012E+00    7.6943987E-01
    2.6500000E+00    3.7139849E+01    2.4636600E+01    2.1819054E+01    6.2641958E+00    9.3750548E+00    7.6524721E-01
    2.7500000E+00    3.7119178E+01    2.4638996E+01    2.1873440E+01    6.2836653E+00    9.3236684E+00    7.6105163E-01
    2.8500000E+00    3.7098488E+01    2.4641376E+01    2.1927878E+01    6.3031624E+00    9.2722420E+00    7.5685310E-01
    2.9500000E+00    3.7077780E+01    2.4643740E+01    2.1982366E+01    6.3226870E+00    9.2207758E+00    7.5265163E-01
    3.0500000E+00    3.7057052E+01    2.4646087E+01    2.2036905E+01    6.3422390E+00    9.1692700E+00    7.4844719E-01
    3.1500000E+00    3.7036306E+01    2.4648418E+01    2.2091493E+01    6.3618183E+00    9.1177248E+00    7.4423977E-01
    3.2500000E+00    3.7015541E+01    2.4650733E+01    2.2146132E+01    6.3814249E+00    9.0661403E+00    7.4002937E-01
    3.3500000E+00    3.6994757E+01    2.4653032E+01    2.2200820E+01    6.4010587E+00    9.0145166E+00    7.3581597E-01
    3.4500000E+00    3.6973956E+01    2.4655314E+01    2.2255557E+01    6.4207197E+00    8.9628539E+00    7.3159956E-01
    3.5500000E+00    3.6953137E+01    2.4657579E+01    2.2310344E+01    6.4404077E+00    8.9111523E+00    7.2738014E-01
    3.6500000E+00    3.6932299E+01    2.4659828E+01    2.2365180E+01    6.4601228E+00    8.8594120E+00    7.2315771E-01
    3.7500000E+00    3.6911444E+01    2.4662060E+01    2.2420066E+01    6.4798648E+00    8.8076331E+00    7.1893227E-01
    3.8500000E+00    3.6890571E+01    2.4664276E+01    2.2475000E+01    6.4996337E+00    8.7558157E+00    7.1470380E-01
    3.9500000E+00    3.6869681E+01    2.4666475E+01    2.2529983E+01    6.5194296E+00    8.7039600E+00    7.1047232E-01
    4.0500000E+00    3.6848773E+01    2.4668657E+01    2.2585014E+01    6.5392522E+00    8.6520662E+00    7.0623782E-01
    4.1500000E+00    3.6827848E+01    2.4670822E+01    2.2640094E+01    6.5591017E+00    8.6001342E+00    7.0200030E-01
    4.2500000E+00    3.6806906E+01    2.4672970E+01    2.2695222E+01    6.5789778E+00    8.5481644E+00    6.9775976E-01
    4.3500000E+00    3.6785947E+01    2.4675101E+01    2.2750398E+01    6.5988807E+00    8.4961568E+00    6.9351622E-01
    4.4500000E+00    3.6764970E+01    2.4677216E+01    2.2805623E+01    6.6188101E+00    8.4441116E+00    6.8926967E-01
    4.5500000E+00    3.6743977E+01    2.4679313E+01    2.2860895E+01    6.6387662E+00    8.3920289E+00    6.8502011E-01
    4.6500000E+00    3.6722967E+01    2.4681392E+01    2.2916215E+01    6.6587488E+00    8.3399089E+00    6.8076757E-01
    4.7500000E+00    3.6701941E+01    2.4683455E+01    2.2971583E+01    6.6787580E+00    8.2877518E+00    6.7651203E-01
    4.8500000E+00    3.6680897E+01    2.4685500E+01    2.3026998E+01    6.6987935E+00    8.2355576E+00    6.7225351E-01
    4.9500000E+00    3.6659838E+01    2.4687528E+01    2.3082460E+01    6.7188555E+00    8.1833266E+00    6.6799201E-01
    5.0500000E+00    3.6638761E+01    2.4689538E+01    2.3137970E+01    6.7389439E+00    8.1310589E+00    6.6372755E-01
    5.1500000E+00    3.6617669E+01    2.4691531E+01    2.3193527E+01    6.7590585E+00    8.0787548E+00    6.5946013E-01
    5.2500000E+00    3.6596560E+01    2.4693505E+01    2.3249131E+01    6.7791995E+00    8.0264142E+00    6.5518977E-01
    5.3500000E+00    3.6575435E+01    2.4695462E+01    2.3304782E+01    6.7993666E+00    7.9740375E+00    6.5091646E-01
    5.4500000E+00    3.6554294E+01    2.4697402E+01    2.3360479E+01    6.8195599E+00    7.9216248E+00    6.4664023E-01
    5.5500000E+00    3.6533138E+01    2.4699323E+01    2.3416223E+01    6.8397794E+00    7.8691762E+00    6.4236108E-01
    5.6500000E+00    3.6511965E+01    2.4701226E+01    2.3472013E+01    6.8600249E+00    7.8166919E+00    6.3807903E-01
    5.7500000E+00    3.6490776E+01    2.4703111E+01    2.3527850E+01    6.8802965E+00    7.7641722E+00    6.3379408E-01
    5.8500000E+00    3.6469572E+01    2.4704978E+01    2.3583732E+01    6.9005941E+00    7.7116171E+00    6.2950625E-01
    5.9500000E+00    3.6448353E+01    2.4706826E+01    2.3639661E+01    6.9209176E+00    7.6590269E+00    6.2521556E-01
    6.0500000E+00    3.6427117E+01    2.4708656E+01    2.3695636E+01    6.9412670E+00    7.6064017E+00    6.2092200E-01
    6.1500000E+00    3.6405867E+01    2.4710468E+01    2.3751656E+01    6.9616422E+00    7.5537418E+00    6.1662560E-01
    6.2500000E+00    3.6384601E+01    2.4712261E+01    2.3807722E+01    6.9820432E+00    7.5010472E+00    6.1232636E-01
    6.3500000E+00    3.6363319E+01    2.4714035E+01    2.3863833E+01    7.0024700E+00    7.4483183E+00    6.0802431E-01
    6.4500000E+00    3.6342023E+01    2.4715790E+01    2.3919990E+01    7.0229225E+00    7.3955551E+00    6.0371945E-01
    6.5500000E+00    3.6320711E+01    2.4717527E+01    2.3976192E+01    7.0434007E+00    7.3427579E+00    5.9941180E-01
    6.6500000E+00    3.6299385E+01    2.4719244E+01    2.4032439E+01    7.0639044E+00    7.2899268E+00    5.9510137E-01
    6.7500000E+00    3.6278043E+01    2.4720942E+01    2.4088730E+01    7.0844338E+00    7.2370621E+00    5.9078818E-01
    6.8500000E+00    3.6256687E+01    2.4722621E+01    2.4145067E+01    7.1049886E+00    7.1841639E+00    5.8647224E-01
    6.9500000E+00    3.6235316E+01    2.4724281E+01    2.4201448E+01    7.1255689E+00    7.1312325E+00    5.8215357E-01
    7.0500000E+00    3.6213930E+01    2.4725921E+01    2.4257874E+01    7.1461746E+00    7.0782680E+00    5.7783218E-01
    7.1500000E+00    3.6192530E+01    2.4727542E+01    2.4314344E+01    7.1668057E+00    7.0252706E+00    5.7350808E-01
    7.2500000E+00    3.6171115E+01    2.4729143E+01    2.4370858E+01    7.1874621E+00    6.9722405E+00    5.6918129E-01
    7.3500000E+00    3.6149686E+01    2.4730724E+01    2.4427416E+01    7.2081438E+00    6.9191780E+00    5.6485183E-01
    7.4500000E+00    3.6128243E+01    2.4732285E+01    2.4484018E+01    7.2288507E+00    6.8660831E+00    5.6051971E-01
    7.5500000E+00    3.6106785E+01    2.4733826E+01    2.4540664E+01    7.2495827E+00    6.8129562E+00    5.5618495E-01
    7.6500000E+00    3.6085314E+01    2.4735347E+01    2.4597354E+01    7.2703400E+00    6.7597974E+00    5.5184756E-01
    7.7500000E+00    3.6063828E+01    2.4736848E+01    2.4654087E+01    7.2911222E+00    6.7066070E+00    5.4750756E-01
    7.8500000E+00    3.6042328E+01    2.4738328E+01    2.4710864E+01    7.3119296E+00    6.6533851E+00    5.4316496E-01
    7.9500000E+00    3.6020815E+01    2.4739788E+01    2.4767684E+01    7.3327619E+00    6.6001319E+00    5.3881979E-01
    8.0500000E+00    3.5999287E+01    2.4741227E+01    2.4824547E+01    7.3536191E+00    6.5468477E+00    5.3447205E-01
    8.1500000E+00    3.5977746E+01    2.4742645E+01    2.4881453E+01    7.3745012E+00    6.4935327E+00    5.3012177E-01
    8.2500000E+00    3.5956192E+01    2.4744042E+01    2.4938402E+01    7.3954082E+00    6.4401871E+00    5.2576896E-01
    8.3500000E+00    3.5934624E+01    2.4745418E+01    2.4995393E+01    7.4163399E+00    6.3868110E+00    5.2141364E-01
    8.4500000E+00    3.5913042E+01    2.4746773E+01    2.5052428E+01    7.4372964E+00    6.3334048E+00    5.1705583E-01
    8.5500000E+00    3.5891447E+01    2.4748107E+01    2.5109504E+01    7.4582776E+00    6.2799686E+00    5.1269553E-01
    8.6500000E+00    3.5869839E+01    2.4749419E+01    2.5166623E+01    7.4792835E+00    6.2265026E+00    5.0833278E-01
    8.7500000E+00    3.5848218E+01    2.4750709E+01    2.5223784E+01    7.5003139E+00    6.1730071E+00    5.0396759E-01
    8.8500000E+00    3.5826584E+01    2.4751977E+01    2.5280988E+01    7.5213689E+00    6.1194823E+00    4.9959997E-01
    8.9500000E+00    3.5804937E+01    2.4753223E+01    2.5338233E+01    7.5424485E+00    6.0659284E+00    4.9522994E-01
    9.0500000E+00    3.5783277E+01    2.4754448E+01    2.5395520E+01    7.5635524E+00    6.0123457E+00    4.9085753E-01
    9.1500000E+00    3.5761604E+01    2.4755650E+01    2.5452848E+01    7.5846808E+00    5.9587343E+00    4.8648275E-01
    9.2500000E+00    3.5739919E+01    2.4756829E+01    2.5510218E+01    7.6058336E+00    5.9050945E+00    4.8210561E-01
    9.3500000E+00    3.5718221E+01    2.4757986E+01    2.5567630E+01    7.6270106E+00    5.8514266E+00    4.7772614E-01
    9.4500000E+00    3.5696511E+01    2.4759120E+01    2.5625083E+01    7.6482120E+00    5.7977307E+00    4.7334436E-01
    9.5500000E+00    3.5674788E+01    2.4760230E+01    2.5682577E+01    7.6694375E+00    5.7440071E+00    4.6896028E-01
    9.6500000E+00    3.5653053E+01    2.4761318E+01    2.5740112E+01    7.6906873E+00    5.6902560E+00    4.6457392E-01
    9.7500000E+00    3.5631306E+01    2.4762382E+01    2.5797688E+01    7.7119612E+00    5.6364777E+00    4.6018531E-01
    9.8500000E+00    3.5609546E+01    2.4763423E+01    2.5855305E+01    7.7332591E+00    5.5826724E+00    4.5579446E-01
    9.9500000E+00    3.5587775E+01    2.4764440E+01    2.5912962E+01    7.7545811E+00    5.5288403E+00    4.5140139E-01
    1.0050000E+01    3.5565992E+01    2.4765433E+01    2.5970660E+01    7.7759271E+00    5.4749818E+00    4.4700612E-01
    1.0150000E+01    3.5544197E+01    2.4766402E+01    2.6028398E+01    7.7972971E+00    5.4210969E+00    4.4260866E-01
    1.0250000E+01    3.5522391E+01    2.4767346E+01    2.6086177E+01    7.8186910E+00    5.3671861E+00    4.3820906E-01
    1.0350000E+01    3.5500573E+01    2.4768266E+01    2.6143996E+01    7.8401087E+00    5.3132495E+00    4.3380731E-01
    1.0450000E+01    3.5478743E+01    2.4769162E+01    2.6201854E+01    7.8615502E+00    5.2592874E+00    4.2940344E-01
    1.0550000E+01    3.5456902E+01    2.4770032E+01    2.6259753E+01    7.8830155E+00    5.2053000E+00    4.2499747E-01
    1.0650000E+01    3.5435050E+01    2.4770877E+01    2.6317692E+01    7.9045045E+00    5.1512876E+00    4.2058943E-01
    1.0750000E+01    3.5413187E+01    2.4771697E+01    2.6375670E+01    7.9260172E+00    5.0972504E+00    4.1617933E-01
    1.0850000E+01    3.5391312E+01    2.4772491E+01    2.6433688E+01    7.9475535E+00    5.0431888E+00    4.1176719E-01
    1.0950000E+01    3.5369427E+01    2.4773259E+01    2.6491745E+01    7.9691134E+00    4.9891030E+00    4.0735304E-01
    1.1050000E+01    3.5347531E+01    2.4774001E+01    2.6549841E+01    7.9906969E+00    4.9349931E+00    4.0293689E-01
    1.1150000E+01    3.5325624E+01    2.4774716E+01    2.6607977E+01    8.0123039E+00    4.8808596E+00    3.9851878E-01
    1.1250000E+01    3.5303707E+01    2.4775405E+01    2.6666152E+01    8.0339343E+00    4.8267027E+00    3.9409871E-01
    1.1350000E+01    3.5281779E+01    2.4776068E+01    2.6724366E+01    8.0555882E+00    4.7725226E+00    3.8967672E-01
    1.1450000E+01    3.5259841E+01    2.4776703E+01    2.6782619E+01    8.0772654E+00    4.7183196E+00    3.8525282E-01
    1.1550000E+01    3.5237892E+01    2.4777310E+01    2.6840910E+01    8.0989660E+00    4.6640941E+00    3.8082704E-01
    1.1650000E+01    3.5215934E+01    2.4777890E+01    2.6899240E+01    8.1206898E+00    4.6098462E+00    3.7639939E-01
    1.1750000E+01    3.5193965E+01    2.4778443E+01    2.6957609E+01    8.1424369E+00    4.5555762E+00    3.7196991E-01
    1.1850000E+01    3.5171987E+01    2.4778967E+01    2.7016016E+01    8.1642072E+00    4.5012845E+00    3.6753862E-01
    1.1950000E+01    3.5149998E+01    2.4779462E+01    2.7074462E+01    8.1860007E+00    4.4469714E+00    3.6310553E-01
    1.2050000E+01    3.5128000E+01    2.4779929E+01    2.7132946E+01    8.2078173E+00    4.3926370E+00    3.5867067E-01
    1.2150000E+01    3.5105993E+01    2.4780367E+01    2.7191468E+01    8.2296570E+00    4.3382818E+00    3.5423407E-01
    1.2250000E+01    3.5083976E+01    2.4780775E+01    2.7250028E+01    8.2515197E+00    4.2839059E+00    3.4979575E-01
    1.2350000E+01    3.5061949E+01    2.4781154E+01    2.7308626E+01    8.2734055E+00    4.2295098E+00    3.4535574E-01
    1.2450000E+01    3.5039914E+01    2.4781503E+01    2.7367262E+01    8.2953142E+00    4.1750936E+00    3.4091405E-01
    1.2550000E+01    3.5017869E+01    2.4781821E+01    2.7425935E+01    8.3172458E+00    4.1206577E+00    3.3647071E-01
    1.2650000E+01    3.4995816E+01    2.4782109E+01    2.7484646E+01    8.3392004E+00    4.0662025E+00    3.3202575E-01
    1.2750000E+01    3.4973754E+01    2.4782366E+01    2.7543395E+01    8.3611778E+00    4.0117282E+00    3.2757920E-01
    1.2850000E+01    3.4951683E+01    2.4782592E+01    2.7602181E+01    8.3831780E+00    3.9572350E+00    3.2313107E-01
    1.2950000E+01    3.4929603E+01    2.4782786E+01    2.7661005E+01    8.4052009E+00    3.9027235E+00    3.1868139E-01
    1.3050000E+01    3.4907515E+01    2.4782948E+01    2.7719866E+01    8.4272467E+00    3.8481937E+00    3.1423019E-01
    1.3150000E+01    3.4885419E+01    2.4783078E+01    2.7778764E+01    8.4493151E+00    3.7936462E+00    3.0977750E-01
    1.3250000E+01    3.4863315E+01    2.4783176E+01    2.7837699E+01    8.4714062E+00    3.7390811E+00    3.0532334E-01
    1.3350000E+01    3.4841202E+01    2.4783240E+01    2.7896671E+01    8.4935199E+00    3.6844989E+00    3.0086773E-01
    1.3450000E+01    3.4819082E+01    2.4783271E+01    2.7955680E+01    8.5156562E+00    3.6298998E+00    2.9641071E-01
    1.3550000E+01    3.4796954E+01    2.4783268E+01    2.8014726E+01    8.5378151E+00    3.5752842E+00    2.9195230E-01
    1.3650000E+01    3.4774818E+01    2.4783231E+01    2.8073809E+01    8.5599966E+00    3.5206525E+00    2.8749252E-01
    1.3750000E+01    3.4752675E+01    2.4783160E+01    2.8132929E+01    8.5822005E+00    3.4660049E+00    2.8303142E-01
    1.3850000E+01    3.4730525E+01    2.4783053E+01    2.8192085E+01    8.6044269E+00    3.4113417E+00    2.7856900E-01
    1.3950000E+01    3.4708367E+01    2.4782911E+01    2.8251278E+01    8.6266757E+00    3.3566635E+00    2.7410531E-01
    1.4050000E+01    3.4686202E+01    2.4782733E+01    2.8310507E+01    8.6489470E+00    3.3019704E+00    2.6964037E-01
    1.4150000E+01    3.4664031E+01    2.4782519E+01    2.8369772E+01    8.6712406E+00    3.2472629E+00    2.6517420E-01
    1.4250000E+01    3.4641852E+01    2.4782269E+01    2.8429074E+01    8.6935565E+00    3.1925412E+00    2.6070685E-01
    1.4350000E+01    3.4619667E+01    2.4781981E+01    2.8488412E+01    8.7158948E+00    3.1378059E+00    2.5623833E-01
    1.4450000E+01    3.4597476E+01    2.4781656E+01    2.8547787E+01    8.7382553E+00    3.0830571E+00    2.5176867E-01
    1.4550000E+01    3.4575278E+01    2.4781293E+01    2.8607197E+01    8.7606381E+00    3.0282954E+00    2.4729791E-01
    1.4650000E+01    3.4553074E+01    2.4780891E+01    2.8666644E+01    8.7830431E+00    2.9735210E+00    2.4282608E-01
    1.4750000E+01    3.4530864E+01    2.4780451E+01    2.8726127E+01    8.8054704E+00    2.9187343E+00    2.3835320E-01
    1.4850000E+01    3.4508649E+01    2.4779971E+01    2.8785646E+01    8.8279198E+00    2.8639358E+00    2.3387931E-01
    1.4950000E+01    3.4486427E+01    2.4779451E+01    2.8845200E+01    8.8503913E+00    2.8091258E+00    2.2940444E-01
    1.5050000E+01    3.4464200E+01    2.4778891E+01    2.8904791E+01    8.8728850E+00    2.7543046E+00    2.2492861E-01
    1.5150000E+01    3.4441968E+01    2.4778290E+01    2.8964417E+01    8.8954007E+00    2.6994727E+00    2.2045187E-01
    1.5250000E+01    3.4419730E+01    2.4777647E+01    2.9024079E+01    8.9179386E+00    2.6446305E+00    2.1597424E-01
    1.5350000E+01    3.4397488E+01    2.4776962E+01    2.9083777E+01    8.9404985E+00    2.5897784E+00    2.1149576E-01
    1.5450000E+01    3.4375241E+01    2.4776235E+01    2.9143511E+01    8.9630804E+00    2.5349167E+00    2.0701645E-01
    1.5550000E+01    3.4352988E+01    2.4775465E+01    2.9203280E+01    8.9856843E+00    2.4800459E+00    2.0253636E-01
    1.5650000E+01    3.4330732E+01    2.4774651E+01    2.9263085E+01    9.0083103E+00    2.4251665E+00    1.9805551E-01
    1.5750000E+01    3.4308471E+01    2.4773793E+01    2.9322925E+01    9.0309582E+00    2.3702787E+00    1.9357394E-01
    1.5850000E+01    3.4286206E+01    2.4772890E+01    2.9382801E+01    9.0536280E+00    2.3153831E+00    1.8909168E-01
    1.5950000E+01    3.4263936E+01    2.4771942E+01    2.9442713E+01    9.0763198E+00    2.2604801E+00    1.8460877E-01
    1.6050000E+01    3.4241663E+01    2.4770948E+01    2.9502660E+01    9.0990335E+00    2.2055700E+00    1.8012525E-01
    1.6150000E+01    3.4219387E+01    2.4769907E+01    2.9562643E+01    9.1217691E+00    2.1506534E+00    1.7564115E-01
    1.6250000E+01    3.4197107E+01    2.4768819E+01    2.9622661E+01    9.1445266E+00    2.0957307E+00    1.7115650E-01
    1.6350000E+01    3.4174823E+01    2.4767683E+01    2.9682714E+01    9.1673060E+00    2.0408024E+00    1.6667134E-01
    1.6450000E+01    3.4152537E+01    2.4766498E+01    2.9742803E+01    9.1901072E+00    1.9858689E+00    1.6218572E-01
    1.6550000E+01    3.4130247E+01    2.4765264E+01    2.9802928E+01    9.2129303E+00    1.9309306E+00    1.5769966E-01
    1.6650000E+01    3.4107955E+01    2.4763980E+01    2.9863088E+01    9.2357753E+00    1.8759881E+00    1.5321320E-01
    1.6750000E+01    3.4085661E+01    2.4762645E+01    2.9923284E+01    9.2586420E+00    1.8210418E+00    1.4872640E-01
    1.6850000E+01    3.4063364E+01    2.4761259E+01    2.9983514E+01    9.2815307E+00    1.7660923E+00    1.4423928E-01
    1.6950000E+01    3.4041065E+01    2.4759821E+01    3.0043781E+01    9.3044411E+00    1.7111399E+00    1.3975188E-01
    1.7050000E+01    3.4018764E+01    2.4758330E+01    3.0104083E+01    9.3273733E+00    1.6561853E+00    1.3526425E-01
    1.7150000E+01    3.3996462E+01    2.4756785E+01    3.0164420E+01    9.3503274E+00    1.6012289E+00    1.3077642E-01
    1.7250000E+01    3.3974158E+01    2.4755186E+01    3.0224793E+01    9.3733033E+00    1.5462713E+00    1.2628845E-01
    1.7350000E+01    3.3951853E+01    2.4753531E+01    3.0285202E+01    9.3963010E+00    1.4913130E+00    1.2180037E-01
    1.7450000E+01    3.3929546E+01    2.4751820E+01    3.0345646E+01    9.4193206E+00    1.4363545E+00    1.1731223E-01
    1.7550000E+01    3.3907240E+01    2.4750052E+01    3.0406126E+01    9.4423619E+00    1.3813964E+00    1.1282407E-01
    1.7650000E+01    3.3884932E+01    2.4748226E+01    3.0466642E+01    9.4654251E+00    1.3264393E+00    1.0833595E-01
    1.7750000E+01    3.3862624E+01    2.4746341E+01    3.0527193E+01    9.4885102E+00    1.2714837E+00    1.0384790E-01
    1.7850000E+01    3.3840316E+01    2.4744396E+01    3.0587781E+01    9.5116171E+00    1.2165303E+00    9.9359970E-02
    1.7950000E+01    3.3818009E+01    2.4742390E+01    3.0648404E+01    9.5347459E+00    1.1615797E+00    9.4872221E-02
    1.8050000E+01    3.3795702E+01    2.4740321E+01    3.0709063E+01    9.5578965E+00    1.1066325E+00    9.0384699E-02
    1.8150000E+01    3.3773395E+01    2.4738190E+01    3.0769758E+01    9.5810691E+00    1.0516893E+00    8.5897459E-02
    1.8250000E+01    3.3751090E+01    2.4735995E+01    3.0830490E+01    9.6042636E+00    9.9675091E-01    8.1410555E-02
    1.8350000E+01    3.3728786E+01    2.4733734E+01    3.0891258E+01    9.6274801E+00    9.4181799E-01    7.6924046E-02
    1.8450000E+01    3.3706483E+01    2.4731406E+01    3.0952062E+01    9.6507186E+00    8.8689127E-01    7.2437991E-02
    1.8550000E+01    3.3684183E+01    2.4729011E+01    3.1012903E+01    9.6739791E+00    8.3197156E-01    6.7952455E-02
    1.8650000E+01    3.3661885E+01    2.4726545E+01    3.1073781E+01    9.6972617E+00    7.7705966E-01    6.3467505E-02
    1.8750000E+01    3.3639589E+01    2.4724009E+01    3.1134696E+01    9.7205664E+00    7.2215649E-01    5.8983213E-02
    1.8850000E+01    3.3617297E+01    2.4721399E+01    3.1195648E+01    9.7438933E+00    6.6726298E-01    5.4499656E-02
    1.8950000E+01    3.3595008E+01    2.4718715E+01    3.1256637E+01    9.7672425E+00    6.1238018E-01    5.0016919E-02
    1.9050000E+01    3.3572723E+01    2.4715954E+01    3.1317664E+01    9.7906141E+00    5.5750924E-01    4.5535096E-02
    1.9150000E+01    3.3550443E+01    2.4713114E+01    3.1378730E+01    9.8140081E+00    5.0265148E-01    4.1054292E-02
    1.9250000E+01    3.3528167E+01    2.4710191E+01    3.1439834E+01    9.8374248E+00    4.4780840E-01    3.6574632E-02
    1.9350000E+01    3.3505898E+01    2.4707183E+01    3.1500977E+01    9.8608642E+00    3.9298179E-01    3.2096260E-02
    1.9450000E+01    3.3483635E+01    2.4704085E+01    3.1562160E+01    9.8843266E+00    3.3817387E-01    2.7619356E-02
    1.9550000E+01    3.3461381E+01    2.4700891E+01    3.1623385E+01    9.9078124E+00    2.8338751E-01    2.3144155E-02
    1.9650000E+01    3.3439135E+01    2.4697594E+01    3.1684651E+01    9.9313219E+00    2.2862666E-01    1.8670977E-02
    1.9750000E+01    3.3416902E+01    2.4694182E+01    3.1745962E+01    9.9548559E+00    1.7389721E-01    1.4200305E-02
    1.9850000E+01    3.3394686E+01    2.4690635E+01    3.1807322E+01    9.9784155E+00    1.1920909E-01    9.7329451E-03
    1.9950000E+01    3.3372493E+01    2.4686913E+01    3.1868738E+01    1.0002003E+01    6.4582198E-02    5.2705226E-03
