# Time          1.0000E-01
# Units: Weight % Mineral
    Distance           Quartz           K-Feldspar_Li    Oligoclase_Li    Biotite_Li       Kaolinite_Li7    Kaolinite_Li6
    5.0000000E-02    3.7666445E+01    2.4568821E+01    2.0424361E+01    5.7682832E+00    1.0701185E+01    8.7090519E-01
    1.5000000E-01    3.7646755E+01    2.4571803E+01    2.0477130E+01    5.7869245E+00    1.0650650E+01    8.6673680E-01
    2.5000000E-01    3.7626831E+01    2.4574645E+01    2.0529904E+01    5.8055838E+00    1.0600434E+01    8.6260140E-01
    3.5000000E-01    3.7606854E+01    2.4577463E+01    2.0582774E+01    5.8242866E+00    1.0550156E+01    8.5846670E-01
    4.5000000E-01    3.7586827E+01    2.4580260E+01    2.0635734E+01    5.8430310E+00    1.0499816E+01    8.5433220E-01
    5.5000000E-01    3.7566756E+01    2.4583034E+01    2.0688781E+01    5.8618154E+00    1.0449416E+01    8.5019751E-01
    6.5000000E-01    3.7546642E+01    2.4585789E+01    2.0741910E+01    5.8806385E+00    1.0398959E+01    8.4606227E-01
    7.5000000E-01    3.7526489E+01    2.4588523E+01    2.0795117E+01    5.8994989E+00    1.0348445E+01    8.4192620E-01
    8.5000000E-01    3.7506299E+01    2.4591239E+01    2.0848400E+01    5.9183955E+00    1.0297877E+01    8.3778904E-01
    9.5000000E-01    3.7486075E+01    2.4593935E+01    2.0901755E+01    5.9373272E+00    1.0247257E+01    8.3365057E-01
    1.0500000E+00    3.7465817E+01    2.4596614E+01    2.0955180E+01    5.9562930E+00    1.0196585E+01    8.2951060E-01
    1.1500000E+00    3.7445529E+01    2.4599275E+01    2.1008672E+01    5.9752921E+00    1.0145863E+01    8.2536895E-01
    1.2500000E+00    3.7425211E+01    2.4601919E+01    2.1062228E+01    5.9943238E+00    1.0095093E+01    8.2122548E-01
    1.3500000E+00    3.7404864E+01    2.4604545E+01    2.1115848E+01    6.0133873E+00    1.0044275E+01    8.1708005E-01
    1.4500000E+00    3.7384491E+01    2.4607154E+01    2.1169529E+01    6.0324821E+00    9.9934112E+00    8.1293254E-01
    1.5500000E+00    3.7364092E+01    2.4609747E+01    2.1223270E+01    6.0516076E+00    9.9425014E+00    8.0878285E-01
    1.6500000E+00    3.7343667E+01    2.4612323E+01    2.1277069E+01    6.0707634E+00    9.8915469E+00    8.0463087E-01
    1.7500000E+00    3.7323218E+01    2.4614882E+01    2.1330926E+01    6.0899490E+00    9.8405483E+00    8.0047652E-01
    1.8500000E+00    3.7302746E+01    2.4617425E+01    2.1384839E+01    6.1091641E+00    9.7895063E+00    7.9631972E-01
    1.9500000E+00    3.7282251E+01    2.4619952E+01    2.1438807E+01    6.1284084E+00    9.7384214E+00    7.9216039E-01
    2.0500000E+00    3.7261734E+01    2.4622462E+01    2.1492830E+01    6.1476816E+00    9.6872942E+00    7.8799848E-01
    2.1500000E+00    3.7241195E+01    2.4624956E+01    2.1546906E+01    6.1669835E+00    9.6361250E+00    7.8383392E-01
    2.2500000E+00    3.7220635E+01    2.4627434E+01    2.1601036E+01    6.1863138E+00    9.5849143E+00    7.7966667E-01
    2.3500000E+00    3.7200054E+01    2.4629896E+01    2.1655219E+01    6.2056723E+00    9.5336624E+00    7.7549667E-01
    2.4500000E+00    3.7179452E+01    2.4632342E+01    2.1709454E+01    6.2250589E+00    9.4823696E+00    7.7132388E-01
    2.5500000E+00    3.7158830E+01    2.4634772E+01    2.1763740E+01    6.2444734E+00    9.4310362E+00    7.6714826E-01
    2.6500000E+00    3.7138189E+01    2.4637185E+01    2.1818079E+01    6.2639158E+00    9.3796623E+00    7.6296977E-01
    2.7500000E+00    3.7117527E+01    2.4639582E+01    2.1872468E+01    6.2833858E+00    9.3282483E+00    7.5878840E-01
    2.8500000E+00    3.7096847E+01    2.4641963E+01    2.1926908E+01    6.3028835E+00    9.2767942E+00    7.5460410E-01
    2.9500000E+00    3.7076147E+01    2.4644328E+01    2.1981399E+01    6.3224086E+00    9.2253004E+00    7.5041686E-01
    3.0500000E+00    3.7055429E+01    2.4646677E+01    2.2035940E+01    6.3419612E+00    9.1737670E+00    7.4622665E-01
    3.1500000E+00    3.7034692E+01    2.4649009E+01    2.2090531E+01    6.3615411E+00    9.1221940E+00    7.4203346E-01
    3.2500000E+00    3.7013936E+01    2.4651325E+01    2.2145172E+01    6.3811483E+00    9.0705818E+00    7.3783726E-01
    3.3500000E+00    3.6993162E+01    2.4653625E+01    2.2199862E+01    6.4007826E+00    9.0189304E+00    7.3363805E-01
    3.4500000E+00    3.6972369E+01    2.4655908E+01    2.2254602E+01    6.4204442E+00    8.9672399E+00    7.2943582E-01
    3.5500000E+00    3.6951559E+01    2.4658175E+01    2.2309392E+01    6.4401328E+00    8.9155106E+00    7.2523055E-01
    3.6500000E+00    3.6930731E+01    2.4660425E+01    2.2364231E+01    6.4598484E+00    8.8637425E+00    7.2102224E-01
    3.7500000E+00    3.6909885E+01    2.4662659E+01    2.2419119E+01    6.4795910E+00    8.8119358E+00    7.1681089E-01
    3.8500000E+00    3.6889021E+01    2.4664876E+01    2.2474055E+01    6.4993606E+00    8.7600906E+00    7.1259648E-01
    3.9500000E+00    3.6868140E+01    2.4667077E+01    2.2529041E+01    6.5191570E+00    8.7082071E+00    7.0837903E-01
    4.0500000E+00    3.6847241E+01    2.4669260E+01    2.2584075E+01    6.5389803E+00    8.6562853E+00    7.0415852E-01
    4.1500000E+00    3.6826325E+01    2.4671427E+01    2.2639157E+01    6.5588303E+00    8.6043255E+00    6.9993497E-01
    4.2500000E+00    3.6805391E+01    2.4673577E+01    2.2694288E+01    6.5787071E+00    8.5523278E+00    6.9570836E-01
    4.3500000E+00    3.6784441E+01    2.4675710E+01    2.2749467E+01    6.5986106E+00    8.5002924E+00    6.9147871E-01
    4.4500000E+00    3.6763474E+01    2.4677826E+01    2.2804695E+01    6.6185407E+00    8.4482193E+00    6.8724602E-01
    4.5500000E+00    3.6742489E+01    2.4679925E+01    2.2859970E+01    6.6384974E+00    8.3961087E+00    6.8301029E-01
    4.6500000E+00    3.6721488E+01    2.4682006E+01    2.2915292E+01    6.6584807E+00    8.3439608E+00    6.7877154E-01
    4.7500000E+00    3.6700471E+01    2.4684071E+01    2.2970663E+01    6.6784905E+00    8.2917758E+00    6.7452976E-01
    4.8500000E+00    3.6679436E+01    2.4686118E+01    2.3026081E+01    6.6985267E+00    8.2395537E+00    6.7028497E-01
    4.9500000E+00    3.6658385E+01    2.4688147E+01    2.3081546E+01    6.7185894E+00    8.1872948E+00    6.6603717E-01
    5.0500000E+00    3.6637318E+01    2.4690159E+01    2.3137059E+01    6.7386784E+00    8.1349992E+00    6.6178637E-01
    5.1500000E+00    3.6616234E+01    2.4692154E+01    2.3192619E+01    6.7587937E+00    8.0826670E+00    6.5753259E-01
    5.2500000E+00    3.6595134E+01    2.4694131E+01    2.3248225E+01    6.7789353E+00    8.0302985E+00    6.5327583E-01
    5.3500000E+00    3.6574018E+01    2.4696090E+01    2.3303879E+01    6.7991032E+00    7.9778938E+00    6.4901610E-01
    5.4500000E+00    3.6552886E+01    2.4698031E+01    2.3359579E+01    6.8192972E+00    7.9254530E+00    6.4475342E-01
    5.5500000E+00    3.6531738E+01    2.4699954E+01    2.3415326E+01    6.8395174E+00    7.8729764E+00    6.4048780E-01
    5.6500000E+00    3.6510574E+01    2.4701859E+01    2.3471119E+01    6.8597636E+00    7.8204642E+00    6.3621924E-01
    5.7500000E+00    3.6489395E+01    2.4703746E+01    2.3526959E+01    6.8800359E+00    7.7679163E+00    6.3194776E-01
    5.8500000E+00    3.6468199E+01    2.4705615E+01    2.3582845E+01    6.9003342E+00    7.7153332E+00    6.2767338E-01
    5.9500000E+00    3.6446988E+01    2.4707466E+01    2.3638776E+01    6.9206585E+00    7.6627149E+00    6.2339610E-01
    6.0500000E+00    3.6425762E+01    2.4709298E+01    2.3694754E+01    6.9410086E+00    7.6100616E+00    6.1911595E-01
    6.1500000E+00    3.6404520E+01    2.4711112E+01    2.3750777E+01    6.9613846E+00    7.5573736E+00    6.1483292E-01
    6.2500000E+00    3.6383262E+01    2.4712907E+01    2.3806846E+01    6.9817864E+00    7.5046509E+00    6.1054704E-01
    6.3500000E+00    3.6361990E+01    2.4714683E+01    2.3862961E+01    7.0022140E+00    7.4518938E+00    6.0625833E-01
    6.4500000E+00    3.6340702E+01    2.4716441E+01    2.3919121E+01    7.0226673E+00    7.3991024E+00    6.0196679E-01
    6.5500000E+00    3.6319399E+01    2.4718180E+01    2.3975326E+01    7.0431462E+00    7.3462770E+00    5.9767243E-01
    6.6500000E+00    3.6298081E+01    2.4719899E+01    2.4031576E+01    7.0636508E+00    7.2934177E+00    5.9337529E-01
    6.7500000E+00    3.6276748E+01    2.4721600E+01    2.4087871E+01    7.0841809E+00    7.2405248E+00    5.8907536E-01
    6.8500000E+00    3.6255401E+01    2.4723281E+01    2.4144211E+01    7.1047366E+00    7.1875983E+00    5.8477266E-01
    6.9500000E+00    3.6234038E+01    2.4724943E+01    2.4200595E+01    7.1253177E+00    7.1346386E+00    5.8046722E-01
    7.0500000E+00    3.6212661E+01    2.4726586E+01    2.4257024E+01    7.1459242E+00    7.0816458E+00    5.7615904E-01
    7.1500000E+00    3.6191270E+01    2.4728209E+01    2.4313497E+01    7.1665561E+00    7.0286201E+00    5.7184814E-01
    7.2500000E+00    3.6169864E+01    2.4729812E+01    2.4370015E+01    7.1872134E+00    6.9755616E+00    5.6753454E-01
    7.3500000E+00    3.6148443E+01    2.4731395E+01    2.4426576E+01    7.2078959E+00    6.9224707E+00    5.6321824E-01
    7.4500000E+00    3.6127009E+01    2.4732959E+01    2.4483182E+01    7.2286037E+00    6.8693475E+00    5.5889928E-01
    7.5500000E+00    3.6105560E+01    2.4734502E+01    2.4539832E+01    7.2493366E+00    6.8161922E+00    5.5457766E-01
    7.6500000E+00    3.6084096E+01    2.4736026E+01    2.4596525E+01    7.2700947E+00    6.7630050E+00    5.5025340E-01
    7.7500000E+00    3.6062619E+01    2.4737529E+01    2.4653261E+01    7.2908779E+00    6.7097861E+00    5.4592652E-01
    7.8500000E+00    3.6041128E+01    2.4739011E+01    2.4710042E+01    7.3116861E+00    6.6565358E+00    5.4159704E-01
    7.9500000E+00    3.6019623E+01    2.4740473E+01    2.4766865E+01    7.3325193E+00    6.6032542E+00    5.3726496E-01
    8.0500000E+00    3.5998105E+01    2.4741915E+01    2.4823732E+01    7.3533775E+00    6.5499415E+00    5.3293031E-01
    8.1500000E+00    3.5976572E+01    2.4743335E+01    2.4880641E+01    7.3742606E+00    6.4965979E+00    5.2859311E-01
    8.2500000E+00    3.5955026E+01    2.4744735E+01    2.4937594E+01    7.3951685E+00    6.4432238E+00    5.2425337E-01
    8.3500000E+00    3.5933467E+01    2.4746113E+01    2.4994589E+01    7.4161012E+00    6.3898192E+00    5.1991110E-01
    8.4500000E+00    3.5911894E+01    2.4747470E+01    2.5051627E+01    7.4370586E+00    6.3363844E+00    5.1556634E-01
    8.5500000E+00    3.5890308E+01    2.4748806E+01    2.5108707E+01    7.4580408E+00    6.2829196E+00    5.1121908E-01
    8.6500000E+00    3.5868708E+01    2.4750120E+01    2.5165830E+01    7.4790476E+00    6.2294251E+00    5.0686936E-01
    8.7500000E+00    3.5847096E+01    2.4751412E+01    2.5222995E+01    7.5000791E+00    6.1759010E+00    5.0251719E-01
    8.8500000E+00    3.5825470E+01    2.4752683E+01    2.5280202E+01    7.5211351E+00    6.1223476E+00    4.9816259E-01
    8.9500000E+00    3.5803832E+01    2.4753931E+01    2.5337451E+01    7.5422156E+00    6.0687651E+00    4.9380557E-01
    9.0500000E+00    3.5782180E+01    2.4755158E+01    2.5394741E+01    7.5633206E+00    6.0151538E+00    4.8944616E-01
    9.1500000E+00    3.5760516E+01    2.4756362E+01    2.5452074E+01    7.5844500E+00    5.9615137E+00    4.8508437E-01
    9.2500000E+00    3.5738839E+01    2.4757543E+01    2.5509448E+01    7.6056038E+00    5.9078453E+00    4.8072023E-01
    9.3500000E+00    3.5717150E+01    2.4758702E+01    2.5566864E+01    7.6267819E+00    5.8541487E+00    4.7635374E-01
    9.4500000E+00    3.5695448E+01    2.4759838E+01    2.5624320E+01    7.6479843E+00    5.8004242E+00    4.7198493E-01
    9.5500000E+00    3.5673734E+01    2.4760951E+01    2.5681818E+01    7.6692110E+00    5.7466719E+00    4.6761382E-01
    9.6500000E+00    3.5652008E+01    2.4762041E+01    2.5739357E+01    7.6904618E+00    5.6928922E+00    4.6324042E-01
    9.7500000E+00    3.5630269E+01    2.4763107E+01    2.5796937E+01    7.7117368E+00    5.6390852E+00    4.5886477E-01
    9.8500000E+00    3.5608518E+01    2.4764149E+01    2.5854558E+01    7.7330359E+00    5.5852512E+00    4.5448687E-01
    9.9500000E+00    3.5586756E+01    2.4765168E+01    2.5912220E+01    7.7543590E+00    5.5313905E+00    4.5010674E-01
    1.0050000E+01    3.5564981E+01    2.4766163E+01    2.5969922E+01    7.7757061E+00    5.4775032E+00    4.4572441E-01
    1.0150000E+01    3.5543195E+01    2.4767134E+01    2.6027664E+01    7.7970772E+00    5.4235897E+00    4.4133990E-01
    1.0250000E+01    3.5521397E+01    2.4768080E+01    2.6085447E+01    7.8184723E+00    5.3696502E+00    4.3695322E-01
    1.0350000E+01    3.5499588E+01    2.4769002E+01    2.6143270E+01    7.8398911E+00    5.3156849E+00    4.3256440E-01
    1.0450000E+01    3.5477767E+01    2.4769898E+01    2.6201133E+01    7.8613339E+00    5.2616942E+00    4.2817345E-01
    1.0550000E+01    3.5455934E+01    2.4770770E+01    2.6259037E+01    7.8828003E+00    5.2076781E+00    4.2378041E-01
    1.0650000E+01    3.5434091E+01    2.4771617E+01    2.6316979E+01    7.9042906E+00    5.1536371E+00    4.1938528E-01
    1.0750000E+01    3.5412236E+01    2.4772438E+01    2.6374962E+01    7.9258045E+00    5.0995713E+00    4.1498808E-01
    1.0850000E+01    3.5390371E+01    2.4773233E+01    2.6432984E+01    7.9473421E+00    5.0454810E+00    4.1058885E-01
    1.0950000E+01    3.5368494E+01    2.4774002E+01    2.6491046E+01    7.9689032E+00    4.9913665E+00    4.0618760E-01
    1.1050000E+01    3.5346607E+01    2.4774746E+01    2.6549147E+01    7.9904880E+00    4.9372281E+00    4.0178436E-01
    1.1150000E+01    3.5324709E+01    2.4775462E+01    2.6607288E+01    8.0120962E+00    4.8830660E+00    3.9737913E-01
    1.1250000E+01    3.5302800E+01    2.4776152E+01    2.6665467E+01    8.0337279E+00    4.8288805E+00    3.9297196E-01
    1.1350000E+01    3.5280881E+01    2.4776816E+01    2.6723686E+01    8.0553831E+00    4.7746718E+00    3.8856285E-01
    1.1450000E+01    3.5258951E+01    2.4777452E+01    2.6781943E+01    8.0770616E+00    4.7204403E+00    3.8415184E-01
    1.1550000E+01    3.5237012E+01    2.4778060E+01    2.6840239E+01    8.0987635E+00    4.6661862E+00    3.7973893E-01
    1.1650000E+01    3.5215062E+01    2.4778641E+01    2.6898575E+01    8.1204887E+00    4.6119098E+00    3.7532417E-01
    1.1750000E+01    3.5193102E+01    2.4779194E+01    2.6956948E+01    8.1422372E+00    4.5576114E+00    3.7090756E-01
    1.1850000E+01    3.5171132E+01    2.4779718E+01    2.7015360E+01    8.1640089E+00    4.5032912E+00    3.6648914E-01
    1.1950000E+01    3.5149153E+01    2.4780214E+01    2.7073811E+01    8.1858038E+00    4.4489496E+00    3.6206892E-01
    1.2050000E+01    3.5127163E+01    2.4780681E+01    2.7132300E+01    8.2076218E+00    4.3945869E+00    3.5764693E-01
    1.2150000E+01    3.5105165E+01    2.4781119E+01    2.7190827E+01    8.2294629E+00    4.3402033E+00    3.5322319E-01
    1.2250000E+01    3.5083157E+01    2.4781528E+01    2.7249392E+01    8.2513271E+00    4.2857991E+00    3.4879773E-01
    1.2350000E+01    3.5061139E+01    2.4781907E+01    2.7307995E+01    8.2732143E+00    4.2313746E+00    3.4437057E-01
    1.2450000E+01    3.5039113E+01    2.4782255E+01    2.7366636E+01    8.2951245E+00    4.1769302E+00    3.3994174E-01
    1.2550000E+01    3.5017077E+01    2.4782574E+01    2.7425315E+01    8.3170576E+00    4.1224661E+00    3.3551125E-01
    1.2650000E+01    3.4995032E+01    2.4782861E+01    2.7484031E+01    8.3390137E+00    4.0679827E+00    3.3107914E-01
    1.2750000E+01    3.4972979E+01    2.4783118E+01    2.7542785E+01    8.3609926E+00    4.0134802E+00    3.2664543E-01
    1.2850000E+01    3.4950917E+01    2.4783343E+01    2.7601577E+01    8.3829943E+00    3.9589590E+00    3.2221014E-01
    1.2950000E+01    3.4928846E+01    2.4783536E+01    2.7660406E+01    8.4050189E+00    3.9044193E+00    3.1777331E-01
    1.3050000E+01    3.4906768E+01    2.4783698E+01    2.7719272E+01    8.4270662E+00    3.8498616E+00    3.1333495E-01
    1.3150000E+01    3.4884680E+01    2.4783826E+01    2.7778176E+01    8.4491362E+00    3.7952861E+00    3.0889509E-01
    1.3250000E+01    3.4862585E+01    2.4783923E+01    2.7837117E+01    8.4712289E+00    3.7406931E+00    3.0445377E-01
    1.3350000E+01    3.4840482E+01    2.4783986E+01    2.7896094E+01    8.4933443E+00    3.6860830E+00    3.0001099E-01
    1.3450000E+01    3.4818370E+01    2.4784015E+01    2.7955109E+01    8.5154823E+00    3.6314562E+00    2.9556680E-01
    1.3550000E+01    3.4796252E+01    2.4784010E+01    2.8014161E+01    8.5376428E+00    3.5768128E+00    2.9112122E-01
    1.3650000E+01    3.4774125E+01    2.4783972E+01    2.8073250E+01    8.5598260E+00    3.5221534E+00    2.8667427E-01
    1.3750000E+01    3.4751991E+01    2.4783898E+01    2.8132375E+01    8.5820316E+00    3.4674781E+00    2.8222599E-01
    1.3850000E+01    3.4729850E+01    2.4783789E+01    2.8191537E+01    8.6042597E+00    3.4127875E+00    2.7777640E-01
    1.3950000E+01    3.4707701E+01    2.4783645E+01    2.8250736E+01    8.6265103E+00    3.3580817E+00    2.7332553E-01
    1.4050000E+01    3.4685546E+01    2.4783465E+01    2.8309971E+01    8.6487833E+00    3.3033612E+00    2.6887340E-01
    1.4150000E+01    3.4663384E+01    2.4783248E+01    2.8369243E+01    8.6710787E+00    3.2486264E+00    2.6442005E-01
    1.4250000E+01    3.4641215E+01    2.4782995E+01    2.8428551E+01    8.6933965E+00    3.1938775E+00    2.5996551E-01
    1.4350000E+01    3.4619039E+01    2.4782704E+01    2.8487896E+01    8.7157366E+00    3.1391149E+00    2.5550980E-01
    1.4450000E+01    3.4596857E+01    2.4782375E+01    2.8547276E+01    8.7380990E+00    3.0843391E+00    2.5105296E-01
    1.4550000E+01    3.4574669E+01    2.4782009E+01    2.8606693E+01    8.7604837E+00    3.0295503E+00    2.4659501E-01
    1.4650000E+01    3.4552474E+01    2.4781603E+01    2.8666147E+01    8.7828907E+00    2.9747490E+00    2.4213598E-01
    1.4750000E+01    3.4530274E+01    2.4781159E+01    2.8725636E+01    8.8053198E+00    2.9199355E+00    2.3767591E-01
    1.4850000E+01    3.4508068E+01    2.4780675E+01    2.8785161E+01    8.8277712E+00    2.8651102E+00    2.3321483E-01
    1.4950000E+01    3.4485856E+01    2.4780151E+01    2.8844723E+01    8.8502447E+00    2.8102734E+00    2.2875275E-01
    1.5050000E+01    3.4463639E+01    2.4779586E+01    2.8904320E+01    8.8727404E+00    2.7554257E+00    2.2428973E-01
    1.5150000E+01    3.4441416E+01    2.4778980E+01    2.8963953E+01    8.8952582E+00    2.7005674E+00    2.1982579E-01
    1.5250000E+01    3.4419188E+01    2.4778332E+01    2.9023622E+01    8.9177981E+00    2.6456988E+00    2.1536096E-01
    1.5350000E+01    3.4396955E+01    2.4777642E+01    2.9083327E+01    8.9403601E+00    2.5908204E+00    2.1089527E-01
    1.5450000E+01    3.4374718E+01    2.4776909E+01    2.9143068E+01    8.9629441E+00    2.5359326E+00    2.0642876E-01
    1.5550000E+01    3.4352476E+01    2.4776133E+01    2.9202844E+01    8.9855502E+00    2.4810358E+00    2.0196146E-01
    1.5650000E+01    3.4330229E+01    2.4775313E+01    2.9262656E+01    9.0081783E+00    2.4261304E+00    1.9749340E-01
    1.5750000E+01    3.4307978E+01    2.4774448E+01    2.9322504E+01    9.0308284E+00    2.3712168E+00    1.9302462E-01
    1.5850000E+01    3.4285723E+01    2.4773539E+01    2.9382388E+01    9.0535005E+00    2.3162955E+00    1.8855516E-01
    1.5950000E+01    3.4263463E+01    2.4772584E+01    2.9442307E+01    9.0761945E+00    2.2613669E+00    1.8408504E-01
    1.6050000E+01    3.4241200E+01    2.4771582E+01    2.9502261E+01    9.0989105E+00    2.2064314E+00    1.7961430E-01
    1.6150000E+01    3.4218934E+01    2.4770534E+01    2.9562252E+01    9.1216484E+00    2.1514895E+00    1.7514298E-01
    1.6250000E+01    3.4196664E+01    2.4769437E+01    2.9622278E+01    9.1444082E+00    2.0965416E+00    1.7067112E-01
    1.6350000E+01    3.4174391E+01    2.4768293E+01    2.9682339E+01    9.1671900E+00    2.0415882E+00    1.6619874E-01
    1.6450000E+01    3.4152115E+01    2.4767100E+01    2.9742436E+01    9.1899936E+00    1.9866298E+00    1.6172590E-01
    1.6550000E+01    3.4129836E+01    2.4765857E+01    2.9802569E+01    9.2128192E+00    1.9316668E+00    1.5725262E-01
    1.6650000E+01    3.4107554E+01    2.4764564E+01    2.9862737E+01    9.2356666E+00    1.8766996E+00    1.5277895E-01
    1.6750000E+01    3.4085270E+01    2.4763220E+01    2.9922941E+01    9.2585359E+00    1.8217289E+00    1.4830492E-01
    1.6850000E+01    3.4062984E+01    2.4761824E+01    2.9983180E+01    9.2814270E+00    1.7667550E+00    1.4383058E-01
    1.6950000E+01    3.4040695E+01    2.4760376E+01    3.0043455E+01    9.3043400E+00    1.7117785E+00    1.3935595E-01
    1.7050000E+01    3.4018405E+01    2.4758874E+01    3.0103765E+01    9.3272749E+00    1.6567999E+00    1.3488110E-01
    1.7150000E+01    3.3996113E+01    2.4757318E+01    3.0164111E+01    9.3502316E+00    1.6018197E+00    1.3040605E-01
    1.7250000E+01    3.3973820E+01    2.4755707E+01    3.0224493E+01    9.3732102E+00    1.5468384E+00    1.2593085E-01
    1.7350000E+01    3.3951526E+01    2.4754041E+01    3.0284911E+01    9.3962106E+00    1.4918566E+00    1.2145554E-01
    1.7450000E+01    3.3929231E+01    2.4752318E+01    3.0345364E+01    9.4192329E+00    1.4368748E+00    1.1698017E-01
    1.7550000E+01    3.3906935E+01    2.4750537E+01    3.0405853E+01    9.4422770E+00    1.3818936E+00    1.1250478E-01
    1.7650000E+01    3.3884638E+01    2.4748698E+01    3.0466378E+01    9.4653431E+00    1.3269135E+00    1.0802942E-01
    1.7750000E+01    3.3862342E+01    2.4746800E+01    3.0526939E+01    9.4884310E+00    1.2719352E+00    1.0355414E-01
    1.7850000E+01    3.3840045E+01    2.4744841E+01    3.0587535E+01    9.5115408E+00    1.2169592E+00    9.9078981E-02
    1.7950000E+01    3.3817749E+01    2.4742821E+01    3.0648168E+01    9.5346725E+00    1.1619862E+00    9.4603997E-02
    1.8050000E+01    3.3795453E+01    2.4740738E+01    3.0708837E+01    9.5578261E+00    1.1070169E+00    9.0129240E-02
    1.8150000E+01    3.3773158E+01    2.4738592E+01    3.0769542E+01    9.5810017E+00    1.0520518E+00    8.5654764E-02
    1.8250000E+01    3.3750864E+01    2.4736381E+01    3.0830284E+01    9.6041993E+00    9.9709164E-01    8.1180623E-02
    1.8350000E+01    3.3728572E+01    2.4734104E+01    3.0891062E+01    9.6274189E+00    9.4213721E-01    7.6706876E-02
    1.8450000E+01    3.3706281E+01    2.4731760E+01    3.0951876E+01    9.6506605E+00    8.8718922E-01    7.2233583E-02
    1.8550000E+01    3.3683992E+01    2.4729347E+01    3.1012728E+01    9.6739242E+00    8.3224846E-01    6.7760808E-02
    1.8650000E+01    3.3661706E+01    2.4726864E+01    3.1073616E+01    9.6972101E+00    7.7731577E-01    6.3288618E-02
    1.8750000E+01    3.3639422E+01    2.4724309E+01    3.1134541E+01    9.7205181E+00    7.2239204E-01    5.8817086E-02
    1.8850000E+01    3.3617142E+01    2.4721681E+01    3.1195504E+01    9.7438484E+00    6.6747823E-01    5.4346289E-02
    1.8950000E+01    3.3594865E+01    2.4718978E+01    3.1256504E+01    9.7672010E+00    6.1257541E-01    4.9876311E-02
    1.9050000E+01    3.3572592E+01    2.4716197E+01    3.1317543E+01    9.7905760E+00    5.5768473E-01    4.5407248E-02
    1.9150000E+01    3.3550324E+01    2.4713336E+01    3.1378619E+01    9.8139735E+00    5.0280751E-01    4.0939205E-02
    1.9250000E+01    3.3528061E+01    2.4710393E+01    3.1439735E+01    9.8373937E+00    4.4794527E-01    3.6472305E-02
    1.9350000E+01    3.3505805E+01    2.4707363E+01    3.1500890E+01    9.8608367E+00    3.9309984E-01    3.2006694E-02
    1.9450000E+01    3.3483555E+01    2.4704242E+01    3.1562085E+01    9.8843029E+00    3.3827343E-01    2.7542555E-02
    1.9550000E+01    3.3461313E+01    2.4701025E+01    3.1623321E+01    9.9077924E+00    2.8346897E-01    2.3080121E-02
    1.9650000E+01    3.3439081E+01    2.4697704E+01    3.1684599E+01    9.9313057E+00    2.2869043E-01    1.8619715E-02
    1.9750000E+01    3.3416861E+01    2.4694267E+01    3.1745923E+01    9.9548435E+00    1.7394379E-01    1.4161822E-02
    1.9850000E+01    3.3394658E+01    2.4690694E+01    3.1807295E+01    9.9784071E+00    1.1923908E-01    9.7072544E-03
    1.9950000E+01    3.3372479E+01    2.4686944E+01    3.1868724E+01    1.0001999E+01    6.4596434E-02    5.2576474E-03
