# Time          7.0000E+00
# Units: Weight % Mineral
    Distance           Quartz           K-Feldspar_Li    Oligoclase_Li    Biotite_Li       Kaolinite_Li7    Kaolinite_Li6
    5.0000000E-02    3.7667410E+01    2.4568443E+01    2.0424891E+01    5.7684334E+00    1.0698641E+01    8.7218171E-01
    1.5000000E-01    3.7647727E+01    2.4571433E+01    2.0477665E+01    5.7870760E+00    1.0648089E+01    8.6801016E-01
    2.5000000E-01    3.7627797E+01    2.4574274E+01    2.0530437E+01    5.8057348E+00    1.0597883E+01    8.6387312E-01
    3.5000000E-01    3.7607815E+01    2.4577093E+01    2.0583305E+01    5.8244371E+00    1.0547615E+01    8.5973616E-01
    4.5000000E-01    3.7587783E+01    2.4579888E+01    2.0636263E+01    5.8431810E+00    1.0497285E+01    8.5559884E-01
    5.5000000E-01    3.7567707E+01    2.4582663E+01    2.0689308E+01    5.8619651E+00    1.0446896E+01    8.5146080E-01
    6.5000000E-01    3.7547588E+01    2.4585417E+01    2.0742436E+01    5.8807878E+00    1.0396450E+01    8.4732174E-01
    7.5000000E-01    3.7527430E+01    2.4588152E+01    2.0795642E+01    5.8996478E+00    1.0345948E+01    8.4318140E-01
    8.5000000E-01    3.7507235E+01    2.4590867E+01    2.0848923E+01    5.9185440E+00    1.0295392E+01    8.3903959E-01
    9.5000000E-01    3.7487006E+01    2.4593564E+01    2.0902276E+01    5.9374754E+00    1.0244783E+01    8.3489611E-01
    1.0500000E+00    3.7466743E+01    2.4596242E+01    2.0955699E+01    5.9564408E+00    1.0194123E+01    8.3075082E-01
    1.1500000E+00    3.7446450E+01    2.4598903E+01    2.1009190E+01    5.9754396E+00    1.0143414E+01    8.2660357E-01
    1.2500000E+00    3.7426127E+01    2.4601546E+01    2.1062745E+01    5.9944710E+00    1.0092657E+01    8.2245424E-01
    1.3500000E+00    3.7405776E+01    2.4604173E+01    2.1116363E+01    6.0135342E+00    1.0041852E+01    8.1830274E-01
    1.4500000E+00    3.7385397E+01    2.4606782E+01    2.1170043E+01    6.0326287E+00    9.9910003E+00    8.1414897E-01
    1.5500000E+00    3.7364993E+01    2.4609374E+01    2.1223783E+01    6.0517539E+00    9.9401035E+00    8.0999284E-01
    1.6500000E+00    3.7344564E+01    2.4611950E+01    2.1277581E+01    6.0709094E+00    9.8891622E+00    8.0583429E-01
    1.7500000E+00    3.7324110E+01    2.4614509E+01    2.1331436E+01    6.0900947E+00    9.8381769E+00    8.0167325E-01
    1.8500000E+00    3.7303633E+01    2.4617052E+01    2.1385347E+01    6.1093096E+00    9.7871482E+00    7.9750965E-01
    1.9500000E+00    3.7283133E+01    2.4619578E+01    2.1439314E+01    6.1285536E+00    9.7360768E+00    7.9334344E-01
    2.0500000E+00    3.7262611E+01    2.4622089E+01    2.1493336E+01    6.1478265E+00    9.6849631E+00    7.8917457E-01
    2.1500000E+00    3.7242068E+01    2.4624582E+01    2.1547411E+01    6.1671281E+00    9.6338075E+00    7.8500300E-01
    2.2500000E+00    3.7221503E+01    2.4627060E+01    2.1601540E+01    6.1864581E+00    9.5826104E+00    7.8082869E-01
    2.3500000E+00    3.7200917E+01    2.4629522E+01    2.1655721E+01    6.2058164E+00    9.5313721E+00    7.7665159E-01
    2.4500000E+00    3.7180310E+01    2.4631967E+01    2.1709955E+01    6.2252027E+00    9.4800930E+00    7.7247167E-01
    2.5500000E+00    3.7159684E+01    2.4634396E+01    2.1764241E+01    6.2446170E+00    9.4287733E+00    7.6828891E-01
    2.6500000E+00    3.7139038E+01    2.4636809E+01    2.1818577E+01    6.2640591E+00    9.3774131E+00    7.6410327E-01
    2.7500000E+00    3.7118372E+01    2.4639206E+01    2.1872965E+01    6.2835288E+00    9.3260129E+00    7.5991473E-01
    2.8500000E+00    3.7097687E+01    2.4641587E+01    2.1927404E+01    6.3030262E+00    9.2745726E+00    7.5572327E-01
    2.9500000E+00    3.7076983E+01    2.4643951E+01    2.1981894E+01    6.3225511E+00    9.2230926E+00    7.5152886E-01
    3.0500000E+00    3.7056259E+01    2.4646299E+01    2.2036433E+01    6.3421034E+00    9.1715729E+00    7.4733150E-01
    3.1500000E+00    3.7035518E+01    2.4648631E+01    2.2091023E+01    6.3616830E+00    9.1200138E+00    7.4313116E-01
    3.2500000E+00    3.7014757E+01    2.4650947E+01    2.2145663E+01    6.3812899E+00    9.0684153E+00    7.3892783E-01
    3.3500000E+00    3.6993979E+01    2.4653246E+01    2.2200352E+01    6.4009240E+00    9.0167777E+00    7.3472151E-01
    3.4500000E+00    3.6973182E+01    2.4655529E+01    2.2255091E+01    6.4205852E+00    8.9651010E+00    7.3051217E-01
    3.5500000E+00    3.6952367E+01    2.4657795E+01    2.2309880E+01    6.4402735E+00    8.9133855E+00    7.2629982E-01
    3.6500000E+00    3.6931534E+01    2.4660045E+01    2.2364717E+01    6.4599889E+00    8.8616312E+00    7.2208445E-01
    3.7500000E+00    3.6910683E+01    2.4662278E+01    2.2419604E+01    6.4797312E+00    8.8098383E+00    7.1786606E-01
    3.8500000E+00    3.6889815E+01    2.4664494E+01    2.2474539E+01    6.4995005E+00    8.7580069E+00    7.1364463E-01
    3.9500000E+00    3.6868929E+01    2.4666694E+01    2.2529523E+01    6.5192966E+00    8.7061372E+00    7.0942017E-01
    4.0500000E+00    3.6848026E+01    2.4668877E+01    2.2584556E+01    6.5391196E+00    8.6542293E+00    7.0519269E-01
    4.1500000E+00    3.6827105E+01    2.4671043E+01    2.2639637E+01    6.5589693E+00    8.6022833E+00    7.0096217E-01
    4.2500000E+00    3.6806167E+01    2.4673192E+01    2.2694767E+01    6.5788458E+00    8.5502994E+00    6.9672862E-01
    4.3500000E+00    3.6785212E+01    2.4675325E+01    2.2749944E+01    6.5987490E+00    8.4982778E+00    6.9249206E-01
    4.4500000E+00    3.6764241E+01    2.4677440E+01    2.2805170E+01    6.6186788E+00    8.4462185E+00    6.8825247E-01
    4.5500000E+00    3.6743252E+01    2.4679538E+01    2.2860444E+01    6.6386352E+00    8.3941218E+00    6.8400986E-01
    4.6500000E+00    3.6722246E+01    2.4681619E+01    2.2915765E+01    6.6586181E+00    8.3419877E+00    6.7976425E-01
    4.7500000E+00    3.6701224E+01    2.4683682E+01    2.2971134E+01    6.6786276E+00    8.2898165E+00    6.7551563E-01
    4.8500000E+00    3.6680185E+01    2.4685728E+01    2.3026551E+01    6.6986635E+00    8.2376082E+00    6.7126402E-01
    4.9500000E+00    3.6659130E+01    2.4687757E+01    2.3082015E+01    6.7187258E+00    8.1853632E+00    6.6700942E-01
    5.0500000E+00    3.6638058E+01    2.4689768E+01    2.3137526E+01    6.7388145E+00    8.1330814E+00    6.6275184E-01
    5.1500000E+00    3.6616970E+01    2.4691762E+01    2.3193084E+01    6.7589295E+00    8.0807631E+00    6.5849129E-01
    5.2500000E+00    3.6595866E+01    2.4693738E+01    2.3248690E+01    6.7790708E+00    8.0284084E+00    6.5422778E-01
    5.3500000E+00    3.6574745E+01    2.4695696E+01    2.3304342E+01    6.7992383E+00    7.9760176E+00    6.4996132E-01
    5.4500000E+00    3.6553609E+01    2.4697636E+01    2.3360041E+01    6.8194320E+00    7.9235907E+00    6.4569192E-01
    5.5500000E+00    3.6532456E+01    2.4699559E+01    2.3415786E+01    6.8396518E+00    7.8711280E+00    6.4141959E-01
    5.6500000E+00    3.6511288E+01    2.4701463E+01    2.3471578E+01    6.8598977E+00    7.8186295E+00    6.3714434E-01
    5.7500000E+00    3.6490104E+01    2.4703349E+01    2.3527416E+01    6.8801696E+00    7.7660956E+00    6.3286619E-01
    5.8500000E+00    3.6468904E+01    2.4705217E+01    2.3583300E+01    6.9004676E+00    7.7135264E+00    6.2858514E-01
    5.9500000E+00    3.6447688E+01    2.4707067E+01    2.3639230E+01    6.9207914E+00    7.6609220E+00    6.2430121E-01
    6.0500000E+00    3.6426457E+01    2.4708898E+01    2.3695207E+01    6.9411412E+00    7.6082826E+00    6.2001441E-01
    6.1500000E+00    3.6405211E+01    2.4710710E+01    2.3751228E+01    6.9615168E+00    7.5556085E+00    6.1572476E-01
    6.2500000E+00    3.6383949E+01    2.4712505E+01    2.3807296E+01    6.9819183E+00    7.5028997E+00    6.1143226E-01
    6.3500000E+00    3.6362672E+01    2.4714280E+01    2.3863409E+01    7.0023455E+00    7.4501566E+00    6.0713694E-01
    6.4500000E+00    3.6341380E+01    2.4716036E+01    2.3919567E+01    7.0227984E+00    7.3973791E+00    6.0283880E-01
    6.5500000E+00    3.6320073E+01    2.4717774E+01    2.3975771E+01    7.0432769E+00    7.3445677E+00    5.9853786E-01
    6.6500000E+00    3.6298751E+01    2.4719493E+01    2.4032019E+01    7.0637811E+00    7.2917224E+00    5.9423413E-01
    6.7500000E+00    3.6277414E+01    2.4721192E+01    2.4088312E+01    7.0843108E+00    7.2388434E+00    5.8992763E-01
    6.8500000E+00    3.6256062E+01    2.4722873E+01    2.4144651E+01    7.1048660E+00    7.1859310E+00    5.8561837E-01
    6.9500000E+00    3.6234695E+01    2.4724533E+01    2.4201033E+01    7.1254468E+00    7.1329852E+00    5.8130637E-01
    7.0500000E+00    3.6213313E+01    2.4726175E+01    2.4257461E+01    7.1460529E+00    7.0800064E+00    5.7699164E-01
    7.1500000E+00    3.6191918E+01    2.4727797E+01    2.4313932E+01    7.1666844E+00    7.0269947E+00    5.7267420E-01
    7.2500000E+00    3.6170507E+01    2.4729399E+01    2.4370448E+01    7.1873412E+00    6.9739504E+00    5.6835407E-01
    7.3500000E+00    3.6149082E+01    2.4730981E+01    2.4427008E+01    7.2080233E+00    6.9208735E+00    5.6403125E-01
    7.4500000E+00    3.6127643E+01    2.4732544E+01    2.4483612E+01    7.2287307E+00    6.8677643E+00    5.5970576E-01
    7.5500000E+00    3.6106190E+01    2.4734086E+01    2.4540260E+01    7.2494632E+00    6.8146231E+00    5.5537763E-01
    7.6500000E+00    3.6084722E+01    2.4735609E+01    2.4596951E+01    7.2702209E+00    6.7614500E+00    5.5104686E-01
    7.7500000E+00    3.6063241E+01    2.4737110E+01    2.4653686E+01    7.2910036E+00    6.7082452E+00    5.4671348E-01
    7.8500000E+00    3.6041746E+01    2.4738592E+01    2.4710465E+01    7.3118114E+00    6.6550089E+00    5.4237749E-01
    7.9500000E+00    3.6020236E+01    2.4740053E+01    2.4767286E+01    7.3326441E+00    6.6017414E+00    5.3803892E-01
    8.0500000E+00    3.5998713E+01    2.4741493E+01    2.4824151E+01    7.3535018E+00    6.5484428E+00    5.3369779E-01
    8.1500000E+00    3.5977177E+01    2.4742913E+01    2.4881059E+01    7.3743844E+00    6.4951134E+00    5.2935410E-01
    8.2500000E+00    3.5955626E+01    2.4744311E+01    2.4938010E+01    7.3952919E+00    6.4417533E+00    5.2500787E-01
    8.3500000E+00    3.5934062E+01    2.4745688E+01    2.4995003E+01    7.4162241E+00    6.3883629E+00    5.2065914E-01
    8.4500000E+00    3.5912485E+01    2.4747044E+01    2.5052039E+01    7.4371811E+00    6.3349422E+00    5.1630790E-01
    8.5500000E+00    3.5890895E+01    2.4748379E+01    2.5109118E+01    7.4581628E+00    6.2814916E+00    5.1195418E-01
    8.6500000E+00    3.5869291E+01    2.4749692E+01    2.5166238E+01    7.4791691E+00    6.2280112E+00    5.0759799E-01
    8.7500000E+00    3.5847674E+01    2.4750984E+01    2.5223401E+01    7.5002001E+00    6.1745013E+00    5.0323936E-01
    8.8500000E+00    3.5826044E+01    2.4752253E+01    2.5280607E+01    7.5212556E+00    6.1209620E+00    4.9887830E-01
    8.9500000E+00    3.5804401E+01    2.4753501E+01    2.5337854E+01    7.5423356E+00    6.0673937E+00    4.9451483E-01
    9.0500000E+00    3.5782746E+01    2.4754726E+01    2.5395143E+01    7.5634401E+00    6.0137965E+00    4.9014896E-01
    9.1500000E+00    3.5761077E+01    2.4755929E+01    2.5452473E+01    7.5845690E+00    5.9601707E+00    4.8578073E-01
    9.2500000E+00    3.5739396E+01    2.4757110E+01    2.5509845E+01    7.6057223E+00    5.9065164E+00    4.8141013E-01
    9.3500000E+00    3.5717702E+01    2.4758268E+01    2.5567259E+01    7.6268999E+00    5.8528340E+00    4.7703720E-01
    9.4500000E+00    3.5695996E+01    2.4759403E+01    2.5624714E+01    7.6481018E+00    5.7991236E+00    4.7266195E-01
    9.5500000E+00    3.5674278E+01    2.4760515E+01    2.5682210E+01    7.6693279E+00    5.7453856E+00    4.6828440E-01
    9.6500000E+00    3.5652547E+01    2.4761604E+01    2.5739747E+01    7.6905782E+00    5.6916200E+00    4.6390457E-01
    9.7500000E+00    3.5630804E+01    2.4762669E+01    2.5797325E+01    7.7118526E+00    5.6378272E+00    4.5952248E-01
    9.8500000E+00    3.5609049E+01    2.4763711E+01    2.5854944E+01    7.7331511E+00    5.5840074E+00    4.5513815E-01
    9.9500000E+00    3.5587282E+01    2.4764729E+01    2.5912603E+01    7.7544737E+00    5.5301609E+00    4.5075160E-01
    1.0050000E+01    3.5565503E+01    2.4765723E+01    2.5970303E+01    7.7758203E+00    5.4762878E+00    4.4636284E-01
    1.0150000E+01    3.5543713E+01    2.4766693E+01    2.6028043E+01    7.7971908E+00    5.4223885E+00    4.4197190E-01
    1.0250000E+01    3.5521910E+01    2.4767638E+01    2.6085824E+01    7.8185852E+00    5.3684632E+00    4.3757880E-01
    1.0350000E+01    3.5500097E+01    2.4768559E+01    2.6143645E+01    7.8400035E+00    5.3145121E+00    4.3318356E-01
    1.0450000E+01    3.5478271E+01    2.4769455E+01    2.6201506E+01    7.8614456E+00    5.2605355E+00    4.2878619E-01
    1.0550000E+01    3.5456435E+01    2.4770327E+01    2.6259407E+01    7.8829115E+00    5.2065336E+00    4.2438673E-01
    1.0650000E+01    3.5434587E+01    2.4771173E+01    2.6317348E+01    7.9044012E+00    5.1525067E+00    4.1998518E-01
    1.0750000E+01    3.5412728E+01    2.4771993E+01    2.6375328E+01    7.9259145E+00    5.0984551E+00    4.1558157E-01
    1.0850000E+01    3.5390858E+01    2.4772788E+01    2.6433348E+01    7.9474514E+00    5.0443790E+00    4.1117593E-01
    1.0950000E+01    3.5368977E+01    2.4773557E+01    2.6491407E+01    7.9690120E+00    4.9902786E+00    4.0676827E-01
    1.1050000E+01    3.5347085E+01    2.4774300E+01    2.6549506E+01    7.9905961E+00    4.9361543E+00    4.0235861E-01
    1.1150000E+01    3.5325183E+01    2.4775016E+01    2.6607644E+01    8.0122037E+00    4.8820064E+00    3.9794698E-01
    1.1250000E+01    3.5303269E+01    2.4775706E+01    2.6665822E+01    8.0338348E+00    4.8278350E+00    3.9353340E-01
    1.1350000E+01    3.5281346E+01    2.4776369E+01    2.6724038E+01    8.0554893E+00    4.7736404E+00    3.8911789E-01
    1.1450000E+01    3.5259412E+01    2.4777004E+01    2.6782293E+01    8.0771672E+00    4.7194230E+00    3.8470047E-01
    1.1550000E+01    3.5237468E+01    2.4777613E+01    2.6840587E+01    8.0988684E+00    4.6651830E+00    3.8028116E-01
    1.1650000E+01    3.5215514E+01    2.4778193E+01    2.6898919E+01    8.1205929E+00    4.6109206E+00    3.7585999E-01
    1.1750000E+01    3.5193549E+01    2.4778746E+01    2.6957291E+01    8.1423407E+00    4.5566363E+00    3.7143699E-01
    1.1850000E+01    3.5171575E+01    2.4779271E+01    2.7015700E+01    8.1641117E+00    4.5023301E+00    3.6701216E-01
    1.1950000E+01    3.5149591E+01    2.4779767E+01    2.7074148E+01    8.1859059E+00    4.4480026E+00    3.6258555E-01
    1.2050000E+01    3.5127597E+01    2.4780234E+01    2.7132635E+01    8.2077232E+00    4.3936538E+00    3.5815716E-01
    1.2150000E+01    3.5105594E+01    2.4780672E+01    2.7191159E+01    8.2295636E+00    4.3392842E+00    3.5372702E-01
    1.2250000E+01    3.5083582E+01    2.4781081E+01    2.7249722E+01    8.2514270E+00    4.2848939E+00    3.4929517E-01
    1.2350000E+01    3.5061560E+01    2.4781460E+01    2.7308322E+01    8.2733135E+00    4.2304834E+00    3.4486161E-01
    1.2450000E+01    3.5039528E+01    2.4781809E+01    2.7366961E+01    8.2952229E+00    4.1760529E+00    3.4042639E-01
    1.2550000E+01    3.5017488E+01    2.4782127E+01    2.7425637E+01    8.3171553E+00    4.1216027E+00    3.3598951E-01
    1.2650000E+01    3.4995439E+01    2.4782415E+01    2.7484351E+01    8.3391106E+00    4.0671332E+00    3.3155101E-01
    1.2750000E+01    3.4973381E+01    2.4782673E+01    2.7543102E+01    8.3610887E+00    4.0126445E+00    3.2711091E-01
    1.2850000E+01    3.4951315E+01    2.4782898E+01    2.7601891E+01    8.3830897E+00    3.9581371E+00    3.2266923E-01
    1.2950000E+01    3.4929240E+01    2.4783092E+01    2.7660717E+01    8.4051135E+00    3.9036113E+00    3.1822601E-01
    1.3050000E+01    3.4907156E+01    2.4783255E+01    2.7719581E+01    8.4271600E+00    3.8490673E+00    3.1378126E-01
    1.3150000E+01    3.4885064E+01    2.4783384E+01    2.7778481E+01    8.4492292E+00    3.7945055E+00    3.0933502E-01
    1.3250000E+01    3.4862964E+01    2.4783481E+01    2.7837419E+01    8.4713211E+00    3.7399263E+00    3.0488731E-01
    1.3350000E+01    3.4840856E+01    2.4783545E+01    2.7896394E+01    8.4934356E+00    3.6853299E+00    3.0043815E-01
    1.3450000E+01    3.4818741E+01    2.4783576E+01    2.7955406E+01    8.5155728E+00    3.6307166E+00    2.9598757E-01
    1.3550000E+01    3.4796617E+01    2.4783573E+01    2.8014455E+01    8.5377325E+00    3.5760869E+00    2.9153561E-01
    1.3650000E+01    3.4774486E+01    2.4783535E+01    2.8073541E+01    8.5599148E+00    3.5214410E+00    2.8708228E-01
    1.3750000E+01    3.4752347E+01    2.4783463E+01    2.8132663E+01    8.5821195E+00    3.4667793E+00    2.8262761E-01
    1.3850000E+01    3.4730201E+01    2.4783356E+01    2.8191822E+01    8.6043468E+00    3.4121021E+00    2.7817164E-01
    1.3950000E+01    3.4708048E+01    2.4783213E+01    2.8251018E+01    8.6265965E+00    3.3574098E+00    2.7371438E-01
    1.4050000E+01    3.4685888E+01    2.4783035E+01    2.8310250E+01    8.6488686E+00    3.3027028E+00    2.6925588E-01
    1.4150000E+01    3.4663721E+01    2.4782820E+01    2.8369519E+01    8.6711631E+00    3.2479813E+00    2.6479615E-01
    1.4250000E+01    3.4641547E+01    2.4782568E+01    2.8428824E+01    8.6934799E+00    3.1932457E+00    2.6033523E-01
    1.4350000E+01    3.4619367E+01    2.4782279E+01    2.8488165E+01    8.7158191E+00    3.1384964E+00    2.5587314E-01
    1.4450000E+01    3.4597180E+01    2.4781953E+01    2.8547543E+01    8.7381806E+00    3.0837338E+00    2.5140992E-01
    1.4550000E+01    3.4574987E+01    2.4781589E+01    2.8606956E+01    8.7605643E+00    3.0289582E+00    2.4694560E-01
    1.4650000E+01    3.4552787E+01    2.4781186E+01    2.8666406E+01    8.7829702E+00    2.9741700E+00    2.4248019E-01
    1.4750000E+01    3.4530582E+01    2.4780744E+01    2.8725892E+01    8.8053984E+00    2.9193696E+00    2.3801374E-01
    1.4850000E+01    3.4508371E+01    2.4780262E+01    2.8785414E+01    8.8278488E+00    2.8645573E+00    2.3354628E-01
    1.4950000E+01    3.4486154E+01    2.4779741E+01    2.8844972E+01    8.8503213E+00    2.8097336E+00    2.2907784E-01
    1.5050000E+01    3.4463932E+01    2.4779179E+01    2.8904566E+01    8.8728159E+00    2.7548988E+00    2.2460844E-01
    1.5150000E+01    3.4441705E+01    2.4778576E+01    2.8964196E+01    8.8953327E+00    2.7000533E+00    2.2013812E-01
    1.5250000E+01    3.4419472E+01    2.4777931E+01    2.9023861E+01    8.9178715E+00    2.6451975E+00    2.1566692E-01
    1.5350000E+01    3.4397234E+01    2.4777244E+01    2.9083562E+01    8.9404325E+00    2.5903319E+00    2.1119485E-01
    1.5450000E+01    3.4374991E+01    2.4776515E+01    2.9143299E+01    8.9630154E+00    2.5354567E+00    2.0672197E-01
    1.5550000E+01    3.4352744E+01    2.4775743E+01    2.9203072E+01    8.9856204E+00    2.4805725E+00    2.0224830E-01
    1.5650000E+01    3.4330492E+01    2.4774926E+01    2.9262881E+01    9.0082474E+00    2.4256797E+00    1.9777387E-01
    1.5750000E+01    3.4308236E+01    2.4774066E+01    2.9322725E+01    9.0308963E+00    2.3707786E+00    1.9329872E-01
    1.5850000E+01    3.4285976E+01    2.4773160E+01    2.9382604E+01    9.0535673E+00    2.3158697E+00    1.8882288E-01
    1.5950000E+01    3.4263711E+01    2.4772209E+01    2.9442519E+01    9.0762601E+00    2.2609534E+00    1.8434639E-01
    1.6050000E+01    3.4241443E+01    2.4771212E+01    2.9502470E+01    9.0989750E+00    2.2060302E+00    1.7986928E-01
    1.6150000E+01    3.4219171E+01    2.4770168E+01    2.9562457E+01    9.1217117E+00    2.1511005E+00    1.7539159E-01
    1.6250000E+01    3.4196896E+01    2.4769077E+01    2.9622479E+01    9.1444703E+00    2.0961647E+00    1.7091335E-01
    1.6350000E+01    3.4174618E+01    2.4767938E+01    2.9682536E+01    9.1672508E+00    2.0412234E+00    1.6643461E-01
    1.6450000E+01    3.4152336E+01    2.4766749E+01    2.9742629E+01    9.1900532E+00    1.9862769E+00    1.6195539E-01
    1.6550000E+01    3.4130052E+01    2.4765512E+01    2.9802757E+01    9.2128775E+00    1.9313258E+00    1.5747575E-01
    1.6650000E+01    3.4107765E+01    2.4764224E+01    2.9862921E+01    9.2357237E+00    1.8763704E+00    1.5299570E-01
    1.6750000E+01    3.4085475E+01    2.4762886E+01    2.9923121E+01    9.2585916E+00    1.8214114E+00    1.4851531E-01
    1.6850000E+01    3.4063183E+01    2.4761496E+01    2.9983356E+01    9.2814815E+00    1.7664491E+00    1.4403459E-01
    1.6950000E+01    3.4040890E+01    2.4760053E+01    3.0043626E+01    9.3043931E+00    1.7114842E+00    1.3955360E-01
    1.7050000E+01    3.4018594E+01    2.4758558E+01    3.0103932E+01    9.3273267E+00    1.6565170E+00    1.3507237E-01
    1.7150000E+01    3.3996297E+01    2.4757009E+01    3.0164274E+01    9.3502820E+00    1.6015481E+00    1.3059096E-01
    1.7250000E+01    3.3973998E+01    2.4755404E+01    3.0224651E+01    9.3732592E+00    1.5465781E+00    1.2610939E-01
    1.7350000E+01    3.3951698E+01    2.4753745E+01    3.0285064E+01    9.3962582E+00    1.4916074E+00    1.2162771E-01
    1.7450000E+01    3.3929397E+01    2.4752029E+01    3.0345513E+01    9.4192791E+00    1.4366366E+00    1.1714597E-01
    1.7550000E+01    3.3907095E+01    2.4750256E+01    3.0405997E+01    9.4423218E+00    1.3816663E+00    1.1266421E-01
    1.7650000E+01    3.3884793E+01    2.4748424E+01    3.0466517E+01    9.4653863E+00    1.3266971E+00    1.0818249E-01
    1.7750000E+01    3.3862491E+01    2.4746534E+01    3.0527073E+01    9.4884727E+00    1.2717295E+00    1.0370083E-01
    1.7850000E+01    3.3840188E+01    2.4744583E+01    3.0587665E+01    9.5115810E+00    1.2167642E+00    9.9219305E-02
    1.7950000E+01    3.3817886E+01    2.4742571E+01    3.0648292E+01    9.5347112E+00    1.1618017E+00    9.4737953E-02
    1.8050000E+01    3.3795584E+01    2.4740497E+01    3.0708956E+01    9.5578633E+00    1.1068427E+00    9.0256827E-02
    1.8150000E+01    3.3773283E+01    2.4738359E+01    3.0769656E+01    9.5810373E+00    1.0518878E+00    8.5775982E-02
    1.8250000E+01    3.3750983E+01    2.4736158E+01    3.0830393E+01    9.6042333E+00    9.9693785E-01    8.1295472E-02
    1.8350000E+01    3.3728685E+01    2.4733890E+01    3.0891165E+01    9.6274512E+00    9.4199342E-01    7.6815356E-02
    1.8450000E+01    3.3706388E+01    2.4731555E+01    3.0951975E+01    9.6506912E+00    8.8705531E-01    7.2335694E-02
    1.8550000E+01    3.3684093E+01    2.4729153E+01    3.1012820E+01    9.6739532E+00    8.3212429E-01    6.7856550E-02
    1.8650000E+01    3.3661800E+01    2.4726680E+01    3.1073703E+01    9.6972374E+00    7.7720121E-01    6.3377990E-02
    1.8750000E+01    3.3639511E+01    2.4724136E+01    3.1134623E+01    9.7205436E+00    7.2228694E-01    5.8900088E-02
    1.8850000E+01    3.3617224E+01    2.4721518E+01    3.1195580E+01    9.7438722E+00    6.6738246E-01    5.4422920E-02
    1.8950000E+01    3.3594941E+01    2.4718826E+01    3.1256575E+01    9.7672230E+00    6.1248880E-01    4.9946571E-02
    1.9050000E+01    3.3572662E+01    2.4716057E+01    3.1317607E+01    9.7905962E+00    5.5760712E-01    4.5471136E-02
    1.9150000E+01    3.3550387E+01    2.4713208E+01    3.1378678E+01    9.8139919E+00    5.0273875E-01    4.0996721E-02
    1.9250000E+01    3.3528118E+01    2.4710276E+01    3.1439787E+01    9.8374102E+00    4.4788518E-01    3.6523448E-02
    1.9350000E+01    3.3505854E+01    2.4707259E+01    3.1500936E+01    9.8608513E+00    3.9304823E-01    3.2051463E-02
    1.9450000E+01    3.3483597E+01    2.4704151E+01    3.1562125E+01    9.8843155E+00    3.3823011E-01    2.7580947E-02
    1.9550000E+01    3.3461349E+01    2.4700948E+01    3.1623355E+01    9.9078030E+00    2.8343372E-01    2.3112134E-02
    1.9650000E+01    3.3439110E+01    2.4697641E+01    3.1684627E+01    9.9313143E+00    2.2866302E-01    1.8645347E-02
    1.9750000E+01    3.3416883E+01    2.4694218E+01    3.1745944E+01    9.9548501E+00    1.7392394E-01    1.4181067E-02
    1.9850000E+01    3.3394672E+01    2.4690660E+01    3.1807309E+01    9.9784116E+00    1.1922644E-01    9.7201049E-03
    1.9950000E+01    3.3372486E+01    2.4686927E+01    3.1868731E+01    1.0002001E+01    6.4590344E-02    5.2640738E-03
