# Time          1.0000E-01
# Units: Weight % Mineral
    Distance           Quartz           K-Feldspar_Li    Oligoclase_Li    Biotite_Li       Kaolinite_Li7    Kaolinite_Li6
    5.0000000E-02    3.7667410E+01    2.4568442E+01    2.0424891E+01    5.7684332E+00    1.0698467E+01    8.7235710E-01
    1.5000000E-01    3.7647727E+01    2.4571432E+01    2.0477665E+01    5.7870759E+00    1.0647919E+01    8.6818113E-01
    2.5000000E-01    3.7627798E+01    2.4574274E+01    2.0530437E+01    5.8057348E+00    1.0597717E+01    8.6404018E-01
    3.5000000E-01    3.7607815E+01    2.4577092E+01    2.0583305E+01    5.8244371E+00    1.0547452E+01    8.5989967E-01
    4.5000000E-01    3.7587784E+01    2.4579888E+01    2.0636263E+01    5.8431810E+00    1.0497125E+01    8.5575910E-01
    5.5000000E-01    3.7567707E+01    2.4582662E+01    2.0689308E+01    5.8619650E+00    1.0446739E+01    8.5161809E-01
    6.5000000E-01    3.7547588E+01    2.4585417E+01    2.0742436E+01    5.8807877E+00    1.0396296E+01    8.4747631E-01
    7.5000000E-01    3.7527430E+01    2.4588151E+01    2.0795642E+01    5.8996478E+00    1.0345796E+01    8.4333349E-01
    8.5000000E-01    3.7507235E+01    2.4590866E+01    2.0848923E+01    5.9185440E+00    1.0295242E+01    8.3918939E-01
    9.5000000E-01    3.7487006E+01    2.4593563E+01    2.0902276E+01    5.9374754E+00    1.0244636E+01    8.3504380E-01
    1.0500000E+00    3.7466743E+01    2.4596242E+01    2.0955699E+01    5.9564408E+00    1.0193978E+01    8.3089655E-01
    1.1500000E+00    3.7446450E+01    2.4598903E+01    2.1009190E+01    5.9754396E+00    1.0143271E+01    8.2674748E-01
    1.2500000E+00    3.7426127E+01    2.4601546E+01    2.1062745E+01    5.9944710E+00    1.0092515E+01    8.2259647E-01
    1.3500000E+00    3.7405776E+01    2.4604172E+01    2.1116363E+01    6.0135342E+00    1.0041711E+01    8.1844340E-01
    1.4500000E+00    3.7385397E+01    2.4606781E+01    2.1170043E+01    6.0326287E+00    9.9908615E+00    8.1428816E-01
    1.5500000E+00    3.7364993E+01    2.4609374E+01    2.1223783E+01    6.0517539E+00    9.9399661E+00    8.1013066E-01
    1.6500000E+00    3.7344564E+01    2.4611949E+01    2.1277581E+01    6.0709094E+00    9.8890260E+00    8.0597081E-01
    1.7500000E+00    3.7324110E+01    2.4614509E+01    2.1331436E+01    6.0900948E+00    9.8380419E+00    8.0180854E-01
    1.8500000E+00    3.7303633E+01    2.4617051E+01    2.1385348E+01    6.1093096E+00    9.7870145E+00    7.9764379E-01
    1.9500000E+00    3.7283133E+01    2.4619578E+01    2.1439314E+01    6.1285536E+00    9.7359441E+00    7.9347648E-01
    2.0500000E+00    3.7262611E+01    2.4622088E+01    2.1493336E+01    6.1478265E+00    9.6848315E+00    7.8930657E-01
    2.1500000E+00    3.7242068E+01    2.4624582E+01    2.1547411E+01    6.1671281E+00    9.6336769E+00    7.8513400E-01
    2.2500000E+00    3.7221503E+01    2.4627060E+01    2.1601540E+01    6.1864581E+00    9.5824807E+00    7.8095873E-01
    2.3500000E+00    3.7200917E+01    2.4629521E+01    2.1655722E+01    6.2058164E+00    9.5312434E+00    7.7678072E-01
    2.4500000E+00    3.7180311E+01    2.4631967E+01    2.1709955E+01    6.2252027E+00    9.4799651E+00    7.7259992E-01
    2.5500000E+00    3.7159684E+01    2.4634396E+01    2.1764241E+01    6.2446170E+00    9.4286462E+00    7.6841631E-01
    2.6500000E+00    3.7139038E+01    2.4636809E+01    2.1818577E+01    6.2640591E+00    9.3772869E+00    7.6422985E-01
    2.7500000E+00    3.7118372E+01    2.4639206E+01    2.1872966E+01    6.2835289E+00    9.3258874E+00    7.6004051E-01
    2.8500000E+00    3.7097687E+01    2.4641586E+01    2.1927404E+01    6.3030262E+00    9.2744479E+00    7.5584827E-01
    2.9500000E+00    3.7076983E+01    2.4643951E+01    2.1981894E+01    6.3225511E+00    9.2229686E+00    7.5165312E-01
    3.0500000E+00    3.7056260E+01    2.4646299E+01    2.2036433E+01    6.3421034E+00    9.1714497E+00    7.4745502E-01
    3.1500000E+00    3.7035518E+01    2.4648631E+01    2.2091023E+01    6.3616830E+00    9.1198913E+00    7.4325396E-01
    3.2500000E+00    3.7014757E+01    2.4650946E+01    2.2145663E+01    6.3812899E+00    9.0682935E+00    7.3904993E-01
    3.3500000E+00    3.6993979E+01    2.4653245E+01    2.2200352E+01    6.4009240E+00    9.0166566E+00    7.3484291E-01
    3.4500000E+00    3.6973182E+01    2.4655528E+01    2.2255091E+01    6.4205852E+00    8.9649806E+00    7.3063290E-01
    3.5500000E+00    3.6952367E+01    2.4657794E+01    2.2309880E+01    6.4402735E+00    8.9132658E+00    7.2641988E-01
    3.6500000E+00    3.6931534E+01    2.4660044E+01    2.2364717E+01    6.4599889E+00    8.8615121E+00    7.2220385E-01
    3.7500000E+00    3.6910683E+01    2.4662277E+01    2.2419604E+01    6.4797312E+00    8.8097199E+00    7.1798480E-01
    3.8500000E+00    3.6889815E+01    2.4664494E+01    2.2474539E+01    6.4995005E+00    8.7578892E+00    7.1376273E-01
    3.9500000E+00    3.6868929E+01    2.4666693E+01    2.2529523E+01    6.5192966E+00    8.7060201E+00    7.0953764E-01
    4.0500000E+00    3.6848026E+01    2.4668876E+01    2.2584556E+01    6.5391196E+00    8.6541128E+00    7.0530952E-01
    4.1500000E+00    3.6827105E+01    2.4671043E+01    2.2639637E+01    6.5589693E+00    8.6021674E+00    7.0107837E-01
    4.2500000E+00    3.6806167E+01    2.4673192E+01    2.2694767E+01    6.5788458E+00    8.5501842E+00    6.9684421E-01
    4.3500000E+00    3.6785213E+01    2.4675324E+01    2.2749944E+01    6.5987490E+00    8.4981631E+00    6.9260702E-01
    4.4500000E+00    3.6764241E+01    2.4677439E+01    2.2805170E+01    6.6186788E+00    8.4461045E+00    6.8836682E-01
    4.5500000E+00    3.6743252E+01    2.4679537E+01    2.2860444E+01    6.6386352E+00    8.3940084E+00    6.8412360E-01
    4.6500000E+00    3.6722246E+01    2.4681618E+01    2.2915765E+01    6.6586181E+00    8.3418749E+00    6.7987738E-01
    4.7500000E+00    3.6701224E+01    2.4683682E+01    2.2971134E+01    6.6786276E+00    8.2897043E+00    6.7562815E-01
    4.8500000E+00    3.6680185E+01    2.4685728E+01    2.3026551E+01    6.6986635E+00    8.2374966E+00    6.7137593E-01
    4.9500000E+00    3.6659130E+01    2.4687756E+01    2.3082015E+01    6.7187258E+00    8.1852522E+00    6.6712073E-01
    5.0500000E+00    3.6638058E+01    2.4689768E+01    2.3137526E+01    6.7388145E+00    8.1329710E+00    6.6286254E-01
    5.1500000E+00    3.6616970E+01    2.4691761E+01    2.3193085E+01    6.7589295E+00    8.0806533E+00    6.5860139E-01
    5.2500000E+00    3.6595866E+01    2.4693737E+01    2.3248690E+01    6.7790708E+00    8.0282992E+00    6.5433728E-01
    5.3500000E+00    3.6574745E+01    2.4695695E+01    2.3304342E+01    6.7992383E+00    7.9759090E+00    6.5007021E-01
    5.4500000E+00    3.6553609E+01    2.4697636E+01    2.3360041E+01    6.8194320E+00    7.9234827E+00    6.4580021E-01
    5.5500000E+00    3.6532456E+01    2.4699558E+01    2.3415786E+01    6.8396518E+00    7.8710206E+00    6.4152728E-01
    5.6500000E+00    3.6511288E+01    2.4701462E+01    2.3471578E+01    6.8598977E+00    7.8185228E+00    6.3725143E-01
    5.7500000E+00    3.6490104E+01    2.4703348E+01    2.3527416E+01    6.8801696E+00    7.7659895E+00    6.3297267E-01
    5.8500000E+00    3.6468904E+01    2.4705216E+01    2.3583300E+01    6.9004676E+00    7.7134208E+00    6.2869102E-01
    5.9500000E+00    3.6447688E+01    2.4707066E+01    2.3639231E+01    6.9207915E+00    7.6608170E+00    6.2440649E-01
    6.0500000E+00    3.6426458E+01    2.4708897E+01    2.3695207E+01    6.9411412E+00    7.6081783E+00    6.2011908E-01
    6.1500000E+00    3.6405211E+01    2.4710710E+01    2.3751229E+01    6.9615169E+00    7.5555047E+00    6.1582882E-01
    6.2500000E+00    3.6383949E+01    2.4712504E+01    2.3807296E+01    6.9819183E+00    7.5027966E+00    6.1153572E-01
    6.3500000E+00    3.6362672E+01    2.4714279E+01    2.3863409E+01    7.0023455E+00    7.4500540E+00    6.0723979E-01
    6.4500000E+00    3.6341380E+01    2.4716036E+01    2.3919567E+01    7.0227984E+00    7.3972772E+00    6.0294104E-01
    6.5500000E+00    3.6320073E+01    2.4717774E+01    2.3975771E+01    7.0432769E+00    7.3444664E+00    5.9863949E-01
    6.6500000E+00    3.6298751E+01    2.4719492E+01    2.4032019E+01    7.0637811E+00    7.2916217E+00    5.9433515E-01
    6.7500000E+00    3.6277414E+01    2.4721192E+01    2.4088312E+01    7.0843108E+00    7.2387433E+00    5.9002803E-01
    6.8500000E+00    3.6256062E+01    2.4722872E+01    2.4144651E+01    7.1048661E+00    7.1858315E+00    5.8571816E-01
    6.9500000E+00    3.6234695E+01    2.4724533E+01    2.4201033E+01    7.1254468E+00    7.1328864E+00    5.8140555E-01
    7.0500000E+00    3.6213314E+01    2.4726174E+01    2.4257461E+01    7.1460529E+00    7.0799082E+00    5.7709020E-01
    7.1500000E+00    3.6191918E+01    2.4727796E+01    2.4313932E+01    7.1666844E+00    7.0268971E+00    5.7277214E-01
    7.2500000E+00    3.6170507E+01    2.4729399E+01    2.4370448E+01    7.1873413E+00    6.9738533E+00    5.6845138E-01
    7.3500000E+00    3.6149082E+01    2.4730981E+01    2.4427008E+01    7.2080234E+00    6.9207771E+00    5.6412794E-01
    7.4500000E+00    3.6127643E+01    2.4732543E+01    2.4483612E+01    7.2287307E+00    6.8676685E+00    5.5980183E-01
    7.5500000E+00    3.6106190E+01    2.4734086E+01    2.4540260E+01    7.2494632E+00    6.8145279E+00    5.5547307E-01
    7.6500000E+00    3.6084723E+01    2.4735608E+01    2.4596951E+01    7.2702209E+00    6.7613554E+00    5.5114168E-01
    7.7500000E+00    3.6063241E+01    2.4737110E+01    2.4653686E+01    7.2910036E+00    6.7081513E+00    5.4680766E-01
    7.8500000E+00    3.6041746E+01    2.4738591E+01    2.4710465E+01    7.3118114E+00    6.6549156E+00    5.4247104E-01
    7.9500000E+00    3.6020236E+01    2.4740052E+01    2.4767286E+01    7.3326441E+00    6.6016487E+00    5.3813184E-01
    8.0500000E+00    3.5998713E+01    2.4741493E+01    2.4824151E+01    7.3535018E+00    6.5483508E+00    5.3379007E-01
    8.1500000E+00    3.5977177E+01    2.4742912E+01    2.4881059E+01    7.3743844E+00    6.4950220E+00    5.2944574E-01
    8.2500000E+00    3.5955626E+01    2.4744311E+01    2.4938010E+01    7.3952919E+00    6.4416626E+00    5.2509888E-01
    8.3500000E+00    3.5934063E+01    2.4745688E+01    2.4995003E+01    7.4162241E+00    6.3882728E+00    5.2074949E-01
    8.4500000E+00    3.5912485E+01    2.4747044E+01    2.5052039E+01    7.4371811E+00    6.3348528E+00    5.1639761E-01
    8.5500000E+00    3.5890895E+01    2.4748379E+01    2.5109118E+01    7.4581628E+00    6.2814028E+00    5.1204325E-01
    8.6500000E+00    3.5869291E+01    2.4749692E+01    2.5166239E+01    7.4791691E+00    6.2279231E+00    5.0768641E-01
    8.7500000E+00    3.5847674E+01    2.4750983E+01    2.5223402E+01    7.5002001E+00    6.1744138E+00    5.0332713E-01
    8.8500000E+00    3.5826044E+01    2.4752253E+01    2.5280607E+01    7.5212556E+00    6.1208752E+00    4.9896542E-01
    8.9500000E+00    3.5804401E+01    2.4753500E+01    2.5337854E+01    7.5423356E+00    6.0673075E+00    4.9460129E-01
    9.0500000E+00    3.5782746E+01    2.4754726E+01    2.5395143E+01    7.5634401E+00    6.0137110E+00    4.9023477E-01
    9.1500000E+00    3.5761077E+01    2.4755929E+01    2.5452473E+01    7.5845690E+00    5.9600858E+00    4.8586587E-01
    9.2500000E+00    3.5739396E+01    2.4757109E+01    2.5509845E+01    7.6057223E+00    5.9064322E+00    4.8149462E-01
    9.3500000E+00    3.5717702E+01    2.4758267E+01    2.5567259E+01    7.6268999E+00    5.8527504E+00    4.7712103E-01
    9.4500000E+00    3.5695996E+01    2.4759402E+01    2.5624714E+01    7.6481018E+00    5.7990407E+00    4.7274511E-01
    9.5500000E+00    3.5674278E+01    2.4760514E+01    2.5682210E+01    7.6693279E+00    5.7453033E+00    4.6836690E-01
    9.6500000E+00    3.5652547E+01    2.4761603E+01    2.5739747E+01    7.6905782E+00    5.6915384E+00    4.6398640E-01
    9.7500000E+00    3.5630804E+01    2.4762668E+01    2.5797325E+01    7.7118526E+00    5.6377463E+00    4.5960364E-01
    9.8500000E+00    3.5609049E+01    2.4763710E+01    2.5854944E+01    7.7331511E+00    5.5839272E+00    4.5521863E-01
    9.9500000E+00    3.5587282E+01    2.4764728E+01    2.5912603E+01    7.7544737E+00    5.5300813E+00    4.5083140E-01
    1.0050000E+01    3.5565503E+01    2.4765722E+01    2.5970303E+01    7.7758203E+00    5.4762090E+00    4.4644197E-01
    1.0150000E+01    3.5543713E+01    2.4766692E+01    2.6028043E+01    7.7971908E+00    5.4223103E+00    4.4205035E-01
    1.0250000E+01    3.5521910E+01    2.4767638E+01    2.6085824E+01    7.8185853E+00    5.3683857E+00    4.3765657E-01
    1.0350000E+01    3.5500097E+01    2.4768559E+01    2.6143645E+01    7.8400036E+00    5.3144353E+00    4.3326064E-01
    1.0450000E+01    3.5478271E+01    2.4769455E+01    2.6201506E+01    7.8614457E+00    5.2604593E+00    4.2886259E-01
    1.0550000E+01    3.5456435E+01    2.4770326E+01    2.6259407E+01    7.8829116E+00    5.2064581E+00    4.2446243E-01
    1.0650000E+01    3.5434587E+01    2.4771172E+01    2.6317348E+01    7.9044012E+00    5.1524319E+00    4.2006020E-01
    1.0750000E+01    3.5412728E+01    2.4771993E+01    2.6375328E+01    7.9259145E+00    5.0983810E+00    4.1565590E-01
    1.0850000E+01    3.5390858E+01    2.4772787E+01    2.6433348E+01    7.9474514E+00    5.0443056E+00    4.1124956E-01
    1.0950000E+01    3.5368977E+01    2.4773556E+01    2.6491408E+01    7.9690120E+00    4.9902060E+00    4.0684120E-01
    1.1050000E+01    3.5347085E+01    2.4774299E+01    2.6549506E+01    7.9905961E+00    4.9360824E+00    4.0243085E-01
    1.1150000E+01    3.5325183E+01    2.4775016E+01    2.6607644E+01    8.0122037E+00    4.8819351E+00    3.9801851E-01
    1.1250000E+01    3.5303270E+01    2.4775705E+01    2.6665822E+01    8.0338348E+00    4.8277644E+00    3.9360423E-01
    1.1350000E+01    3.5281346E+01    2.4776368E+01    2.6724038E+01    8.0554893E+00    4.7735705E+00    3.8918801E-01
    1.1450000E+01    3.5259412E+01    2.4777004E+01    2.6782293E+01    8.0771672E+00    4.7193538E+00    3.8476988E-01
    1.1550000E+01    3.5237468E+01    2.4777612E+01    2.6840587E+01    8.0988684E+00    4.6651145E+00    3.8034987E-01
    1.1650000E+01    3.5215514E+01    2.4778193E+01    2.6898920E+01    8.1205929E+00    4.6108529E+00    3.7592799E-01
    1.1750000E+01    3.5193549E+01    2.4778746E+01    2.6957291E+01    8.1423407E+00    4.5565692E+00    3.7150426E-01
    1.1850000E+01    3.5171575E+01    2.4779270E+01    2.7015700E+01    8.1641117E+00    4.5022638E+00    3.6707872E-01
    1.1950000E+01    3.5149591E+01    2.4779766E+01    2.7074148E+01    8.1859059E+00    4.4479370E+00    3.6265139E-01
    1.2050000E+01    3.5127597E+01    2.4780233E+01    2.7132635E+01    8.2077232E+00    4.3935889E+00    3.5822228E-01
    1.2150000E+01    3.5105594E+01    2.4780671E+01    2.7191159E+01    8.2295636E+00    4.3392200E+00    3.5379142E-01
    1.2250000E+01    3.5083582E+01    2.4781080E+01    2.7249722E+01    8.2514270E+00    4.2848305E+00    3.4935884E-01
    1.2350000E+01    3.5061560E+01    2.4781459E+01    2.7308322E+01    8.2733135E+00    4.2304207E+00    3.4492456E-01
    1.2450000E+01    3.5039529E+01    2.4781808E+01    2.7366961E+01    8.2952230E+00    4.1759910E+00    3.4048860E-01
    1.2550000E+01    3.5017488E+01    2.4782127E+01    2.7425637E+01    8.3171553E+00    4.1215415E+00    3.3605099E-01
    1.2650000E+01    3.4995439E+01    2.4782415E+01    2.7484351E+01    8.3391106E+00    4.0670727E+00    3.3161176E-01
    1.2750000E+01    3.4973381E+01    2.4782672E+01    2.7543102E+01    8.3610888E+00    4.0125848E+00    3.2717092E-01
    1.2850000E+01    3.4951315E+01    2.4782898E+01    2.7601891E+01    8.3830897E+00    3.9580781E+00    3.2272851E-01
    1.2950000E+01    3.4929240E+01    2.4783092E+01    2.7660717E+01    8.4051135E+00    3.9035530E+00    3.1828454E-01
    1.3050000E+01    3.4907156E+01    2.4783254E+01    2.7719581E+01    8.4271600E+00    3.8490098E+00    3.1383905E-01
    1.3150000E+01    3.4885064E+01    2.4783384E+01    2.7778482E+01    8.4492292E+00    3.7944487E+00    3.0939206E-01
    1.3250000E+01    3.4862964E+01    2.4783481E+01    2.7837420E+01    8.4713211E+00    3.7398702E+00    3.0494360E-01
    1.3350000E+01    3.4840857E+01    2.4783545E+01    2.7896395E+01    8.4934357E+00    3.6852746E+00    3.0049369E-01
    1.3450000E+01    3.4818741E+01    2.4783576E+01    2.7955407E+01    8.5155728E+00    3.6306621E+00    2.9604237E-01
    1.3550000E+01    3.4796617E+01    2.4783572E+01    2.8014455E+01    8.5377325E+00    3.5760331E+00    2.9158965E-01
    1.3650000E+01    3.4774486E+01    2.4783535E+01    2.8073541E+01    8.5599148E+00    3.5213880E+00    2.8713556E-01
    1.3750000E+01    3.4752347E+01    2.4783463E+01    2.8132663E+01    8.5821196E+00    3.4667270E+00    2.8268014E-01
    1.3850000E+01    3.4730201E+01    2.4783355E+01    2.8191823E+01    8.6043468E+00    3.4120506E+00    2.7822340E-01
    1.3950000E+01    3.4708048E+01    2.4783213E+01    2.8251018E+01    8.6265965E+00    3.3573591E+00    2.7376539E-01
    1.4050000E+01    3.4685888E+01    2.4783034E+01    2.8310250E+01    8.6488686E+00    3.3026528E+00    2.6930612E-01
    1.4150000E+01    3.4663721E+01    2.4782819E+01    2.8369519E+01    8.6711631E+00    3.2479320E+00    2.6484562E-01
    1.4250000E+01    3.4641547E+01    2.4782568E+01    2.8428824E+01    8.6934800E+00    3.1931972E+00    2.6038393E-01
    1.4350000E+01    3.4619367E+01    2.4782279E+01    2.8488165E+01    8.7158191E+00    3.1384487E+00    2.5592107E-01
    1.4450000E+01    3.4597180E+01    2.4781953E+01    2.8547543E+01    8.7381806E+00    3.0836869E+00    2.5145707E-01
    1.4550000E+01    3.4574987E+01    2.4781588E+01    2.8606957E+01    8.7605643E+00    3.0289121E+00    2.4699197E-01
    1.4650000E+01    3.4552788E+01    2.4781185E+01    2.8666406E+01    8.7829703E+00    2.9741246E+00    2.4252579E-01
    1.4750000E+01    3.4530582E+01    2.4780743E+01    2.8725892E+01    8.8053984E+00    2.9193250E+00    2.3805856E-01
    1.4850000E+01    3.4508371E+01    2.4780262E+01    2.8785414E+01    8.8278488E+00    2.8645135E+00    2.3359031E-01
    1.4950000E+01    3.4486154E+01    2.4779740E+01    2.8844972E+01    8.8503213E+00    2.8096906E+00    2.2912108E-01
    1.5050000E+01    3.4463932E+01    2.4779178E+01    2.8904566E+01    8.8728160E+00    2.7548566E+00    2.2465090E-01
    1.5150000E+01    3.4441705E+01    2.4778575E+01    2.8964196E+01    8.8953327E+00    2.7000119E+00    2.2017979E-01
    1.5250000E+01    3.4419472E+01    2.4777931E+01    2.9023861E+01    8.9178716E+00    2.6451569E+00    2.1570779E-01
    1.5350000E+01    3.4397234E+01    2.4777244E+01    2.9083562E+01    8.9404325E+00    2.5902920E+00    2.1123493E-01
    1.5450000E+01    3.4374991E+01    2.4776515E+01    2.9143299E+01    8.9630154E+00    2.5354177E+00    2.0676125E-01
    1.5550000E+01    3.4352744E+01    2.4775742E+01    2.9203072E+01    8.9856204E+00    2.4805343E+00    2.0228678E-01
    1.5650000E+01    3.4330492E+01    2.4774926E+01    2.9262881E+01    9.0082474E+00    2.4256422E+00    1.9781155E-01
    1.5750000E+01    3.4308236E+01    2.4774066E+01    2.9322725E+01    9.0308964E+00    2.3707419E+00    1.9333559E-01
    1.5850000E+01    3.4285976E+01    2.4773160E+01    2.9382604E+01    9.0535673E+00    2.3158338E+00    1.8885895E-01
    1.5950000E+01    3.4263711E+01    2.4772209E+01    2.9442520E+01    9.0762602E+00    2.2609184E+00    1.8438165E-01
    1.6050000E+01    3.4241443E+01    2.4771212E+01    2.9502470E+01    9.0989750E+00    2.2059960E+00    1.7990373E-01
    1.6150000E+01    3.4219171E+01    2.4770168E+01    2.9562457E+01    9.1217117E+00    2.1510671E+00    1.7542523E-01
    1.6250000E+01    3.4196896E+01    2.4769077E+01    2.9622479E+01    9.1444703E+00    2.0961321E+00    1.7094617E-01
    1.6350000E+01    3.4174618E+01    2.4767937E+01    2.9682536E+01    9.1672509E+00    2.0411916E+00    1.6646661E-01
    1.6450000E+01    3.4152336E+01    2.4766749E+01    2.9742629E+01    9.1900533E+00    1.9862459E+00    1.6198658E-01
    1.6550000E+01    3.4130052E+01    2.4765512E+01    2.9802757E+01    9.2128775E+00    1.9312956E+00    1.5750611E-01
    1.6650000E+01    3.4107765E+01    2.4764224E+01    2.9862921E+01    9.2357237E+00    1.8763411E+00    1.5302524E-01
    1.6750000E+01    3.4085475E+01    2.4762885E+01    2.9923121E+01    9.2585917E+00    1.8213829E+00    1.4854401E-01
    1.6850000E+01    3.4063184E+01    2.4761495E+01    2.9983356E+01    9.2814815E+00    1.7664215E+00    1.4406247E-01
    1.6950000E+01    3.4040890E+01    2.4760053E+01    3.0043626E+01    9.3043932E+00    1.7114573E+00    1.3958064E-01
    1.7050000E+01    3.4018594E+01    2.4758558E+01    3.0103932E+01    9.3273267E+00    1.6564910E+00    1.3509858E-01
    1.7150000E+01    3.3996297E+01    2.4757008E+01    3.0164274E+01    9.3502820E+00    1.6015229E+00    1.3061633E-01
    1.7250000E+01    3.3973998E+01    2.4755404E+01    3.0224651E+01    9.3732592E+00    1.5465537E+00    1.2613392E-01
    1.7350000E+01    3.3951698E+01    2.4753745E+01    3.0285064E+01    9.3962582E+00    1.4915839E+00    1.2165140E-01
    1.7450000E+01    3.3929397E+01    2.4752029E+01    3.0345513E+01    9.4192791E+00    1.4366140E+00    1.1716882E-01
    1.7550000E+01    3.3907095E+01    2.4750255E+01    3.0405997E+01    9.4423218E+00    1.3816445E+00    1.1268621E-01
    1.7650000E+01    3.3884793E+01    2.4748424E+01    3.0466517E+01    9.4653863E+00    1.3266761E+00    1.0820363E-01
    1.7750000E+01    3.3862491E+01    2.4746533E+01    3.0527073E+01    9.4884727E+00    1.2717094E+00    1.0372113E-01
    1.7850000E+01    3.3840188E+01    2.4744583E+01    3.0587665E+01    9.5115810E+00    1.2167449E+00    9.9238749E-02
    1.7950000E+01    3.3817886E+01    2.4742571E+01    3.0648292E+01    9.5347112E+00    1.1617832E+00    9.4756539E-02
    1.8050000E+01    3.3795584E+01    2.4740497E+01    3.0708956E+01    9.5578633E+00    1.1068251E+00    9.0274554E-02
    1.8150000E+01    3.3773283E+01    2.4738359E+01    3.0769656E+01    9.5810373E+00    1.0518711E+00    8.5792847E-02
    1.8250000E+01    3.3750983E+01    2.4736157E+01    3.0830393E+01    9.6042333E+00    9.9692200E-01    8.1311473E-02
    1.8350000E+01    3.3728685E+01    2.4733890E+01    3.0891165E+01    9.6274512E+00    9.4197844E-01    7.6830490E-02
    1.8450000E+01    3.3706388E+01    2.4731555E+01    3.0951975E+01    9.6506912E+00    8.8704119E-01    7.2349959E-02
    1.8550000E+01    3.3684093E+01    2.4729152E+01    3.1012820E+01    9.6739532E+00    8.3211105E-01    6.7869942E-02
    1.8650000E+01    3.3661801E+01    2.4726680E+01    3.1073703E+01    9.6972374E+00    7.7718883E-01    6.3390508E-02
    1.8750000E+01    3.3639511E+01    2.4724135E+01    3.1134623E+01    9.7205437E+00    7.2227544E-01    5.8911729E-02
    1.8850000E+01    3.3617224E+01    2.4721518E+01    3.1195580E+01    9.7438722E+00    6.6737183E-01    5.4433681E-02
    1.8950000E+01    3.3594941E+01    2.4718826E+01    3.1256575E+01    9.7672230E+00    6.1247904E-01    4.9956451E-02
    1.9050000E+01    3.3572662E+01    2.4716057E+01    3.1317607E+01    9.7905962E+00    5.5759825E-01    4.5480131E-02
    1.9150000E+01    3.3550387E+01    2.4713208E+01    3.1378678E+01    9.8139919E+00    5.0273075E-01    4.1004828E-02
    1.9250000E+01    3.3528118E+01    2.4710276E+01    3.1439787E+01    9.8374102E+00    4.4787807E-01    3.6530664E-02
    1.9350000E+01    3.3505854E+01    2.4707259E+01    3.1500936E+01    9.8608513E+00    3.9304200E-01    3.2057787E-02
    1.9450000E+01    3.3483597E+01    2.4704151E+01    3.1562125E+01    9.8843155E+00    3.3822477E-01    2.7586375E-02
    1.9550000E+01    3.3461349E+01    2.4700948E+01    3.1623355E+01    9.9078030E+00    2.8342927E-01    2.3116664E-02
    1.9650000E+01    3.3439110E+01    2.4697640E+01    3.1684627E+01    9.9313143E+00    2.2865945E-01    1.8648976E-02
    1.9750000E+01    3.3416883E+01    2.4694218E+01    3.1745944E+01    9.9548501E+00    1.7392127E-01    1.4183793E-02
    1.9850000E+01    3.3394672E+01    2.4690660E+01    3.1807310E+01    9.9784116E+00    1.1922466E-01    9.7219247E-03
    1.9950000E+01    3.3372486E+01    2.4686926E+01    3.1868731E+01    1.0002001E+01    6.4589650E-02    5.2650004E-03
